330
1 GD 1 KAPLAN 2 ZIP
70
3
GD
1
269.4571428571428
41.869672051947084
KAPLAN
1
245.95357142857142
39.71825283884063
ZIP
2
93.91285714285712
27.410088470257445
1 AA 1 GD 2 RB
70
3
AA
1
190.28214285714282
42.20046692656662
GD
1
237.77785714285716
38.596291446994215
RB
2
252.04749999999996
25.97264812950346
3 AA 1 ZI
60
2
AA
3
214.32305555555547
21.63467783635944
ZI
1
245.4975
40.456173698131956
1 AA 2 GDX 1 ZIP
70
3
AA
1
185.18
46.91150606037004
GDX
2
242.29928571428573
29.336975938470164
ZIP
1
109.53571428571425
36.7797180134975
1 AA 3 GD
70
2
AA
1
199.55785714285716
40.50615579706758
GD
3
245.32619047619045
25.923175845636976
1 GDX 2 RB 1 ZIBTQ
60
3
GDX
1
259.0375
41.887286167098495
RB
2
251.04833333333332
27.939685970210274
ZIBTQ
1
231.52666666666667
41.03147113458457
1 AA 2 GD 1 ZIBTQ
70
3
AA
1
217.51928571428573
41.2741967425277
GD
2
248.12607142857138
25.62878907026632
ZIBTQ
1
240.2571428571429
40.55932635440272
1 GDX 2 KAPLAN 1 ZIP
70
3
GDX
1
267.9428571428571
40.51819972267464
KAPLAN
2
198.91714285714286
24.34412778338864
ZIP
1
182.63428571428574
45.86917784822483
1 KAPLAN 1 RB 2 ZIBTQ
78
3
KAPLAN
1
199.3987179487179
41.24799988432873
RB
1
282.4935897435897
39.74064302120077
ZIBTQ
2
225.25256410256407
32.668379136773474
2 KAPLAN 2 ZIBTQ
60
2
KAPLAN
2
138.54583333333332
26.520981546191575
ZIBTQ
2
233.08416666666665
26.761112150854515
1 AA 2 ZIBTQ 1 ZIP
70
3
AA
1
243.30999999999992
40.62430073839371
ZIBTQ
2
227.26571428571435
31.499475725204885
ZIP
1
184.52428571428575
39.777238814902965
1 RB 1 ZI 2 ZIP
70
3
RB
1
272.5764285714285
42.86986681041725
ZI
1
243.36428571428567
40.64074824870613
ZIP
2
96.44035714285714
27.21122949069765
1 GDX 3 ZI
70
2
GDX
1
268.6435714285714
42.3579608042215
ZI
3
243.3809523809524
23.884052459178527
1 GDX 1 ZI 2 ZIP
70
3
GDX
1
261.97642857142847
33.419969147642085
ZI
1
243.90928571428574
51.42513915735624
ZIP
2
102.1110714285714
26.45048404797998
2 RB 2 ZIBTQ
40
2
RB
2
266.171875
27.792836358816054
ZIBTQ
2
235.32062500000006
28.27049273617985
3 ZIBTQ 1 ZIP
70
2
ZIBTQ
3
236.68952380952376
24.193379775738272
ZIP
1
193.27857142857147
40.99859358003274
4 RB
60
1
RB
4
246.98937499999997
21.338612412029747
1 AA 1 ZI 1 ZIBTQ 1 ZIP
70
4
AA
1
246.8635714285714
44.706879506884185
ZI
1
241.8214285714286
39.10574587239157
ZIBTQ
1
224.17142857142855
43.34203251871771
ZIP
1
170.58285714285716
36.778751269720416
1 AA 1 GD 1 RB 1 ZIP
70
4
AA
1
199.33928571428578
38.344230350417384
GD
1
254.5342857142858
39.64541165046519
RB
1
269.99142857142857
44.19867509529959
ZIP
1
107.335
37.37939885083999
1 AA 2 GD 1 GDX
60
3
AA
1
186.40583333333336
46.7460606475437
GD
2
242.39541666666662
24.392901739949554
GDX
1
238.44416666666675
53.09344745408572
1 AA 1 KAPLAN 2 ZIP
70
3
AA
1
264.5292857142857
47.412746696398365
KAPLAN
1
248.95714285714274
42.463420988473516
ZIP
2
92.12071428571426
26.94391838433439
4 KAPLAN
60
1
KAPLAN
4
7.348958333333333
19.551003226900892
2 KAPLAN 2 RB
60
2
KAPLAN
2
184.2704166666667
27.936403428741
RB
2
263.73875
26.117878671753353
1 GD 1 KAPLAN 2 RB
70
3
GD
1
251.59285714285724
30.391581216424704
KAPLAN
1
221.19999999999996
49.81918134561453
RB
2
250.77964285714287
25.860814552579097
1 KAPLAN 1 ZI 2 ZIP
70
3
KAPLAN
1
228.72928571428574
46.84660462437052
ZI
1
241.50499999999994
40.93659949781286
ZIP
2
137.23499999999999
29.575726418107422
1 AA 1 KAPLAN 2 RB
70
3
AA
1
220.22000000000003
33.728589568255316
KAPLAN
1
223.2157142857143
39.663900358524096
RB
2
251.00785714285718
29.917194865046646
2 GD 1 KAPLAN 1 ZI
70
3
GD
2
247.17714285714283
26.67352111215991
KAPLAN
1
216.24142857142851
47.92168508588579
ZI
1
236.78285714285707
51.04867957472947
1 GD 3 ZIBTQ
70
2
GD
1
263.02142857142854
49.639164302873
ZIBTQ
3
238.60357142857143
27.970474253343653
1 KAPLAN 1 RB 2 ZI
70
3
KAPLAN
1
183.07714285714295
35.196334445730095
RB
1
279.7935714285714
36.68574493289166
ZI
2
236.89821428571423
25.589203860826196
1 AA 1 GD 1 RB 1 ZI
70
4
AA
1
211.10571428571427
42.251719909072236
GD
1
246.12714285714281
46.21064313378044
RB
1
263.9671428571428
39.339926418614205
ZI
1
234.40428571428566
37.88930312102444
1 AA 1 GDX 1 KAPLAN 1 ZIP
70
4
AA
1
216.12642857142868
43.25110400272483
GDX
1
256.8071428571428
38.49092358203098
KAPLAN
1
244.285
36.32700608621331
ZIP
1
125.5171428571429
39.68896887467745
1 AA 1 GD 2 ZIBTQ
50
3
AA
1
231.48800000000006
47.64022339158007
GD
1
280.64500000000004
35.855739133444644
ZIBTQ
2
233.04049999999998
29.30466358880438
2 GDX 1 KAPLAN 1 ZIP
70
3
GDX
2
250.80571428571426
27.892657104262526
KAPLAN
1
232.57357142857143
46.112991750932174
ZIP
1
129.51357142857142
38.5951828886423
1 ZI 3 ZIBTQ
70
2
ZI
1
260.43571428571437
41.226274435346824
ZIBTQ
3
241.37738095238097
21.91114736781148
1 GDX 3 ZIBTQ
70
2
GDX
1
258.7942857142857
43.71579258251286
ZIBTQ
3
235.91285714285718
21.01761091801152
2 KAPLAN 1 ZI 1 ZIBTQ
70
3
KAPLAN
2
124.92892857142861
33.18400224345243
ZI
1
271.12357142857144
43.50870362732768
ZIBTQ
1
245.53142857142862
39.02528735577565
2 AA 2 GD
60
2
AA
2
191.37125000000006
25.023314419706978
GD
2
243.02750000000006
29.6915340407315
2 AA 1 GD 1 RB
70
3
AA
2
189.7292857142857
30.361796400739248
GD
1
241.68928571428586
38.18760275740576
RB
1
252.42000000000002
39.80610211468352
1 KAPLAN 1 ZI 1 ZIBTQ 1 ZIP
70
4
KAPLAN
1
198.33428571428576
34.66752239812585
ZI
1
249.31142857142856
42.360718541320914
ZIBTQ
1
235.53071428571425
42.53707253610866
ZIP
1
213.10500000000002
33.08967037571103
1 AA 1 GDX 1 ZI 1 ZIP
60
4
AA
1
209.74583333333345
37.89989813551731
GDX
1
268.80749999999995
38.967474992298136
ZI
1
240.13
30.94289797085797
ZIP
1
115.24916666666668
42.46776475525705
2 ZI 2 ZIBTQ
50
2
ZI
2
258.0234999999999
28.991147640727792
ZIBTQ
2
235.83000000000004
25.738139683736822
2 RB 2 ZI
70
2
RB
2
268.0932142857144
26.67858283766718
ZI
2
230.08249999999995
29.91978492424295
2 GD 1 RB 1 ZIP
70
3
GD
2
251.4321428571428
29.349283614899846
RB
1
255.24000000000004
36.102997920281
ZIP
1
126.26785714285717
46.16867532697826
3 GDX 1 ZIBTQ
50
2
GDX
3
250.68733333333338
22.929586253079602
ZIBTQ
1
235.38800000000003
46.70818161551442
2 ZIBTQ 2 ZIP
70
2
ZIBTQ
2
242.03214285714284
26.878236646114875
ZIP
2
134.3171428571428
31.5674029131615
1 GDX 1 ZIBTQ 2 ZIP
70
3
GDX
1
266.0442857142858
30.605333346772866
ZIBTQ
1
248.30500000000004
42.459566575003706
ZIP
2
105.4057142857143
28.859970346861868
1 AA 3 RB
70
2
AA
1
190.02785714285721
45.731549810756505
RB
3
246.1983333333333
22.22733094409504
1 AA 1 GDX 1 KAPLAN 1 ZI
70
4
AA
1
240.8657142857142
36.96878059562246
GDX
1
267.95785714285716
40.924754792607665
KAPLAN
1
209.5921428571428
43.94481231133757
ZI
1
230.87785714285712
38.59008352983125
2 AA 1 KAPLAN 1 ZI
70
3
AA
2
265.6225
26.74039728313878
KAPLAN
1
194.1442857142858
38.6650665732003
ZI
1
238.06000000000012
38.28128701069116
1 AA 1 GD 2 GDX
70
3
AA
1
190.63357142857134
41.146957680873484
GD
1
251.60071428571428
45.23881515041979
GDX
2
239.3607142857143
32.11591215493567
2 GD 1 GDX 1 KAPLAN
70
3
GD
2
245.3292857142857
30.648532312756377
GDX
1
249.01071428571424
43.81662104625882
KAPLAN
1
199.61428571428567
45.088223004581124
2 GDX 1 RB 1 ZI
70
3
GDX
2
240.9128571428572
26.829420310918497
RB
1
247.09500000000003
37.876370061983415
ZI
1
242.7221428571429
43.47540291721937
1 GDX 3 ZIP
70
2
GDX
1
296.4878571428572
36.07719296183814
ZIP
3
69.09380952380955
22.900524257568307
1 GDX 3 KAPLAN
70
2
GDX
1
277.4242857142857
45.47481357705626
KAPLAN
3
88.70690476190482
26.98324473617867
3 ZI 1 ZIP
60
2
ZI
3
230.2419444444444
25.42085224301073
ZIP
1
212.61666666666673
33.410727930561514
2 AA 1 ZI 1 ZIP
50
3
AA
2
215.26800000000003
31.369378460034618
ZI
1
248.24900000000014
40.13534740206393
ZIP
1
117.10600000000002
33.133148427115
2 GDX 1 KAPLAN 1 ZI
50
3
GDX
2
260.19699999999995
23.638207256832736
KAPLAN
1
218.46200000000002
34.80091226694492
ZI
1
236.16
38.1328779827602
1 GD 3 ZI
70
2
GD
1
280.14
36.28025356960045
ZI
3
242.12785714285715
23.093788323665734
2 KAPLAN 1 ZI 1 ZIP
70
3
KAPLAN
2
139.69071428571428
31.725826393041608
ZI
1
254.8235714285715
45.53397249985369
ZIP
1
258.6714285714285
38.15880942697334
1 AA 1 GD 1 GDX 1 ZIP
70
4
AA
1
196.88928571428573
39.448005191910575
GD
1
260.19142857142856
34.42577338407292
GDX
1
260.88142857142856
37.708742552262684
ZIP
1
102.73999999999998
33.450229361242826
1 GD 1 KAPLAN 1 ZI 1 ZIBTQ
70
4
GD
1
268.9814285714285
36.169380738563014
KAPLAN
1
200.92785714285716
40.03022637763231
ZI
1
242.66857142857143
36.83144516693599
ZIBTQ
1
234.7792857142857
40.48340725894784
1 GD 1 KAPLAN 1 ZI 1 ZIP
70
4
GD
1
267.1778571428572
44.575311997055444
KAPLAN
1
206.30642857142857
51.327164443012855
ZI
1
234.55214285714288
40.28531433179647
ZIP
1
155.09
39.552151661992255
2 RB 2 ZIP
70
2
RB
2
284.46071428571423
28.808668074125325
ZIP
2
91.71035714285719
29.991187763291126
2 AA 2 ZI
70
2
AA
2
251.73535714285717
35.083688374992164
ZI
2
231.2253571428571
24.354208352322043
4 AA
71
1
AA
4
186.0401408450704
20.06739207063068
1 GDX 2 ZI 1 ZIP
70
3
GDX
1
260.9128571428571
39.673527778620716
ZI
2
229.56250000000006
21.967585260016502
ZIP
1
155.25857142857146
36.742959335864256
2 AA 1 GD 1 GDX
60
3
AA
2
192.49291666666664
26.670952733715072
GD
1
259.26750000000004
35.13341291566327
GDX
1
234.50666666666666
34.379464880772176
3 AA 1 ZIBTQ
70
2
AA
3
213.18761904761914
26.630514319655752
ZIBTQ
1
229.98214285714295
31.421590002650184
1 GDX 1 KAPLAN 2 RB
70
3
GDX
1
252.81571428571422
34.5138731954064
KAPLAN
1
218.5464285714285
44.096397960095686
RB
2
246.13535714285706
28.295445700074872
1 AA 1 KAPLAN 1 RB 1 ZI
70
4
AA
1
251.20571428571435
36.125557105732206
KAPLAN
1
204.32785714285708
37.611768265576835
RB
1
267.2507142857143
38.3817253451243
ZI
1
234.515
34.439204094400644
1 GD 1 GDX 2 RB
50
3
GD
1
254.11499999999992
36.79560490871532
GDX
1
253.74299999999997
34.853582165927556
RB
2
231.72600000000003
29.669630623252765
3 AA 1 GDX
70
2
AA
3
187.74476190476184
24.094284359704808
GDX
1
234.44571428571425
45.560087876498066
3 GD 1 ZI
70
2
GD
3
245.17380952380955
23.99366269150441
ZI
1
249.54285714285726
38.52051017092453
2 AA 1 GDX 1 ZIBTQ
60
3
AA
2
215.8045833333332
29.433634487232894
GDX
1
251.77083333333334
40.601096806004115
ZIBTQ
1
223.01249999999996
44.47655982562142
2 AA 1 GDX 1 ZI
70
3
AA
2
206.42964285714285
30.134453055019847
GDX
1
257.34857142857146
43.60877768533899
ZI
1
235.31
37.99567664914953
2 GD 2 ZIP
70
2
GD
2
251.7353571428571
22.38188112491679
ZIP
2
94.9685714285714
28.407814961550276
1 KAPLAN 2 RB 1 ZIBTQ
70
3
KAPLAN
1
229.26571428571427
37.0491243958784
RB
2
254.4657142857143
26.357025278486255
ZIBTQ
1
223.51428571428568
40.54476815763979
3 GDX 1 ZIP
70
2
GDX
3
250.70523809523817
19.519136898942712
ZIP
1
124.86428571428571
36.76183777095615
2 AA 1 GD 1 ZIP
70
3
AA
2
198.97250000000003
29.298554628230594
GD
1
265.45571428571424
34.51796494435443
ZIP
1
99.92571428571428
35.88964337446376
1 RB 3 ZIBTQ
70
2
RB
1
280.5978571428571
36.8422793524262
ZIBTQ
3
235.12238095238098
21.683084805099657
1 KAPLAN 1 ZI 2 ZIBTQ
70
3
KAPLAN
1
191.87214285714285
38.08011373780419
ZI
1
248.23928571428573
39.27573122809205
ZIBTQ
2
240.19607142857146
26.988011127183412
1 GD 2 RB 1 ZI
70
3
GD
1
256.7957142857143
36.32616769549043
RB
2
246.08428571428567
31.284152649891794
ZI
1
231.54071428571433
40.18596529751752
1 AA 1 GDX 1 RB 1 ZI
70
4
AA
1
204.1778571428572
35.87200636594848
GDX
1
242.27999999999992
46.737877483132706
RB
1
254.61500000000004
41.24142138018261
ZI
1
231.63714285714283
36.027281223312535
2 GD 1 ZI 1 ZIP
70
3
GD
2
249.8364285714287
29.90295734146987
ZI
1
236.40785714285707
45.33652155552443
ZIP
1
135.69357142857146
34.79770882336756
1 AA 1 ZI 2 ZIBTQ
70
3
AA
1
248.86
43.00913550465563
ZI
1
248.93142857142857
45.27945962672578
ZIBTQ
2
230.6085714285715
27.810357109671312
2 ZI 1 ZIBTQ 1 ZIP
70
3
ZI
2
245.05
29.93699666887455
ZIBTQ
1
235.27357142857136
49.045759668779205
ZIP
1
199.3371428571429
42.282792918841984
3 AA 1 KAPLAN
70
2
AA
3
220.2038095238095
23.671391108451125
KAPLAN
1
214.59785714285712
41.15955579740085
3 AA 1 GD
70
2
AA
3
192.98761904761903
22.370406010810036
GD
1
248.99928571428572
34.03017231719076
1 KAPLAN 3 ZIBTQ
70
2
KAPLAN
1
203.61071428571427
48.47285950746865
ZIBTQ
3
240.2133333333334
21.303879057123414
1 GD 2 ZI 1 ZIP
70
3
GD
1
253.38500000000002
40.802718649075274
ZI
2
232.88464285714286
31.609125235564346
ZIP
1
161.28142857142862
42.61049146145282
1 AA 1 GD 1 GDX 1 ZI
70
4
AA
1
218.12285714285716
37.39301632926246
GD
1
242.06500000000008
36.8667221588881
GDX
1
246.69928571428576
39.21386183558738
ZI
1
244.43500000000006
42.996027910675764
2 AA 2 KAPLAN
70
2
AA
2
280.27250000000004
34.40867973270849
KAPLAN
2
158.77107142857145
25.59228764207595
1 RB 3 ZI
70
2
RB
1
285.695
37.44532017415571
ZI
3
238.2069047619048
20.224634821022367
1 AA 1 GDX 2 ZI
70
3
AA
1
235.16714285714286
40.88011777386193
GDX
1
268.26785714285717
36.96476843794646
ZI
2
234.90785714285707
27.684500500785667
1 ZIBTQ 3 ZIP
70
2
ZIBTQ
1
268.69500000000005
39.56603265492516
ZIP
3
79.46095238095239
23.809609349937254
1 KAPLAN 2 ZIBTQ 1 ZIP
70
3
KAPLAN
1
208.79499999999996
48.352327660574254
ZIBTQ
2
232.27178571428576
29.366486652582548
ZIP
1
203.67642857142863
35.59602920957493
2 AA 1 RB 1 ZI
60
3
AA
2
218.03833333333336
28.942759224180282
RB
1
260.98416666666657
42.4165242767498
ZI
1
228.49999999999994
41.48570882265868
1 GDX 1 RB 1 ZI 1 ZIP
70
4
GDX
1
257.5864285714285
40.90875209522283
RB
1
251.7199999999999
37.346299907784584
ZI
1
249.80642857142863
47.72852559559008
ZIP
1
130.0785714285714
43.118637983112656
1 GD 2 KAPLAN 1 ZI
70
3
GD
1
285.537142857143
39.26939594375146
KAPLAN
2
146.61964285714282
27.49913443761875
ZI
1
263.0385714285715
41.518610220461696
1 GDX 2 ZIBTQ 1 ZIP
70
3
GDX
1
262.83571428571435
34.86338711563039
ZIBTQ
2
230.57249999999996
22.985499182361917
ZIP
1
160.515
36.26907869458924
1 GDX 1 KAPLAN 2 ZIP
70
3
GDX
1
273.30857142857155
39.50152452214229
KAPLAN
1
241.5857142857143
39.75097993229355
ZIP
2
98.50535714285716
30.310786002336364
1 AA 2 ZI 1 ZIP
50
3
AA
1
258.99800000000016
49.80934676797321
ZI
2
241.88749999999996
33.06928149457173
ZIP
1
169.29700000000008
40.22201867113093
2 GD 1 RB 1 ZIBTQ
70
3
GD
2
248.325
30.400983101086926
RB
1
256.70428571428573
36.20239548119745
ZIBTQ
1
240.00499999999997
38.49682954448772
2 GDX 1 ZIBTQ 1 ZIP
70
3
GDX
2
246.50607142857146
25.80370986184717
ZIBTQ
1
234.91142857142856
38.1887689767096
ZIP
1
133.81500000000005
39.374773196097415
1 AA 2 GDX 1 ZI
70
3
AA
1
210.11785714285713
40.15067150317735
GDX
2
253.64428571428576
28.23995164767201
ZI
1
247.22142857142856
44.57342647044392
1 AA 1 GD 1 KAPLAN 1 ZI
70
4
AA
1
236.8542857142857
42.46300947655283
GD
1
258.49357142857144
41.44083330938567
KAPLAN
1
210.22928571428565
43.75735784673569
ZI
1
241.23714285714283
39.43526105434739
1 ZI 3 ZIP
70
2
ZI
1
257.7092857142857
43.9088065110879
ZIP
3
79.94500000000004
20.72081353391729
1 AA 1 GD 2 ZIP
70
3
AA
1
221.03142857142862
42.976432313569106
GD
1
279.9357142857143
42.923200785497976
ZIP
2
79.50357142857142
27.366204788860987
1 GDX 1 KAPLAN 1 RB 1 ZIBTQ
70
4
GDX
1
251.15285714285724
40.28489019199759
KAPLAN
1
220.13142857142861
47.11485118646965
RB
1
257.51071428571424
41.796964436693656
ZIBTQ
1
226.66285714285718
38.968376294638595
1 GD 1 KAPLAN 1 RB 1 ZIP
70
4
GD
1
258.1521428571429
39.989632451804454
KAPLAN
1
240.66071428571428
40.457439079081105
RB
1
256.2485714285715
39.56548439658633
ZIP
1
128.47857142857134
45.539038202446726
1 RB 1 ZI 2 ZIBTQ
70
3
RB
1
284.74928571428575
34.98595604702772
ZI
1
243.90999999999997
34.35631153855888
ZIBTQ
2
218.84785714285712
30.458939352399348
1 GD 1 RB 2 ZIBTQ
70
3
GD
1
257.1814285714286
41.14759032651145
RB
1
260.7278571428572
45.149671419550295
ZIBTQ
2
226.29357142857143
27.34899964302228
3 KAPLAN 1 RB
50
2
KAPLAN
3
88.8526666666667
24.008718875797186
RB
1
289.293
39.37091457530557
1 GD 2 GDX 1 RB
70
3
GD
1
254.41642857142855
43.080763051140366
GDX
2
247.14785714285716
29.140574867195994
RB
1
245.00928571428568
33.421511838826994
1 AA 1 RB 2 ZIBTQ
70
3
AA
1
220.8635714285715
47.11797869731921
RB
1
263.5907142857142
42.01831271235872
ZIBTQ
2
231.28714285714295
25.32981307532044
1 AA 2 RB 1 ZIP
70
3
AA
1
199.49357142857136
41.78929427058481
RB
2
256.6825
29.53698899697229
ZIP
1
101.85000000000001
39.86903417100802
1 AA 2 KAPLAN 1 ZI
70
3
AA
1
297.9928571428571
40.701974461278944
KAPLAN
2
123.7353571428571
34.39775173769507
ZI
1
270.0807142857142
41.40991371607453
2 GD 1 GDX 1 RB
70
3
GD
2
253.08535714285713
29.743924479596394
GDX
1
251.4107142857142
42.08387825236366
RB
1
247.39214285714283
43.983123871889816
2 GD 2 ZI
70
2
GD
2
250.19928571428574
27.307655239646092
ZI
2
251.13357142857134
27.551650932472654
3 GDX 1 ZI
70
2
GDX
3
250.02571428571432
23.24507852026974
ZI
1
242.23928571428576
42.561722173588954
1 AA 1 GDX 2 ZIP
70
3
AA
1
217.3742857142857
39.51960564959804
GDX
1
261.64214285714286
45.46174724232623
ZIP
2
77.17392857142856
24.806983141979604
3 RB 1 ZIBTQ
70
2
RB
3
248.76023809523804
20.856681845619867
ZIBTQ
1
232.52285714285716
41.500100354821036
1 AA 2 GD 1 ZI
70
3
AA
1
222.14714285714297
38.567866597891346
GD
2
241.93142857142863
32.069352919957474
ZI
1
238.89357142857142
45.169290624423084
1 RB 2 ZIBTQ 1 ZIP
70
3
RB
1
267.64714285714285
40.43471253562825
ZIBTQ
2
232.2171428571429
27.069551765835644
ZIP
1
166.91785714285712
39.06263408900014
4 ZIP
70
1
ZIP
4
63.90785714285715
17.167755687806217
3 GD 1 KAPLAN
70
2
GD
3
247.52190476190466
24.860969402975606
KAPLAN
1
195.23071428571424
37.68389971575119
1 AA 1 GD 1 KAPLAN 1 ZIBTQ
50
4
AA
1
240.51999999999995
44.264748843590326
GD
1
271.10999999999996
40.52040235032058
KAPLAN
1
221.92300000000003
34.47029911039413
ZIBTQ
1
226.03300000000007
37.32979884273575
1 AA 1 KAPLAN 1 ZI 1 ZIP
70
4
AA
1
264.0335714285714
43.28391003118234
KAPLAN
1
207.26000000000008
42.071414951641415
ZI
1
240.00071428571422
41.650951796905396
ZIP
1
182.98714285714289
46.35560792863495
1 AA 1 RB 1 ZI 1 ZIP
70
4
AA
1
215.80428571428575
41.44158154755576
RB
1
264.16428571428565
37.72373216800163
ZI
1
245.7528571428571
43.12166156353328
ZIP
1
116.54999999999997
47.27600820404892
2 KAPLAN 1 RB 1 ZIBTQ
70
3
KAPLAN
2
152.65892857142856
29.108433222450117
RB
1
267.6507142857143
36.98861126915827
ZIBTQ
1
219.9328571428572
38.653458340696524
1 AA 2 KAPLAN 1 ZIBTQ
70
3
AA
1
283.7064285714286
40.95487689855059
KAPLAN
2
135.6917857142857
29.30303319177414
ZIBTQ
1
228.60714285714275
37.730968174263005
1 KAPLAN 2 ZI 1 ZIBTQ
70
3
KAPLAN
1
183.42071428571424
45.14648297803023
ZI
2
253.9664285714286
28.7243655996131
ZIBTQ
1
245.35357142857148
32.72736561223256
2 GD 1 ZI 1 ZIBTQ
70
3
GD
2
250.88964285714283
28.220900001767085
ZI
1
240.91428571428565
44.92155835052685
ZIBTQ
1
242.47428571428563
42.98823787004328
1 GDX 2 KAPLAN 1 RB
70
3
GDX
1
270.7050000000001
44.98470130612915
KAPLAN
2
195.66178571428568
30.416208414463927
RB
1
249.18357142857153
47.67036673069304
4 ZIBTQ
70
1
ZIBTQ
4
250.11553571428573
19.34144078390296
1 AA 1 KAPLAN 1 ZIBTQ 1 ZIP
70
4
AA
1
260.18857142857144
38.46613417513149
KAPLAN
1
220.15714285714287
37.27893988557341
ZIBTQ
1
222.62571428571425
48.1912417942433
ZIP
1
183.4592857142857
37.76169823297416
1 KAPLAN 3 RB
60
2
KAPLAN
1
217.65416666666667
44.3110411711477
RB
3
248.34861111111115
23.434871971546908
1 AA 2 GDX 1 ZIBTQ
70
3
AA
1
208.4235714285715
39.28653672367557
GDX
2
244.19964285714283
25.861422013102633
ZIBTQ
1
237.89499999999992
35.41747197322627
2 RB 1 ZI 1 ZIBTQ
70
3
RB
2
266.05678571428575
26.142761862140045
ZI
1
242.88571428571424
37.44141143004986
ZIBTQ
1
215.97785714285712
48.368500704368465
1 GD 2 RB 1 ZIBTQ
70
3
GD
1
242.39999999999995
42.20086360364841
RB
2
246.2721428571429
28.186899851747537
ZIBTQ
1
232.54999999999993
35.32452933770609
1 AA 1 RB 2 ZIP
70
3
AA
1
225.765
43.85987455357833
RB
1
276.87285714285724
37.43420625362436
ZIP
2
82.92178571428573
26.871897429903484
2 AA 1 GD 1 KAPLAN
60
3
AA
2
205.9725
25.244365686003388
GD
1
251.47083333333333
39.35904053803679
KAPLAN
1
227.11583333333337
42.05429873926074
1 GD 3 KAPLAN
70
2
GD
1
259.92071428571427
39.71287073356054
KAPLAN
3
73.17785714285712
23.619223086105983
1 RB 2 ZI 1 ZIP
70
3
RB
1
276.20642857142866
48.80003577738447
ZI
2
231.07142857142858
31.622950096312522
ZIP
1
149.21142857142863
36.28361151622392
1 GD 1 GDX 2 KAPLAN
70
3
GD
1
248.04500000000007
38.70002137754203
GDX
1
253.88285714285712
48.05159536027809
KAPLAN
2
169.70821428571426
40.58382545591924
1 GDX 1 KAPLAN 1 ZIBTQ 1 ZIP
70
4
GDX
1
272.2907142857143
43.764318135388955
KAPLAN
1
235.94357142857137
40.71285443204471
ZIBTQ
1
220.87071428571426
38.48670234716136
ZIP
1
151.1192857142857
46.430690651953746
1 AA 1 GD 1 RB 1 ZIBTQ
70
4
AA
1
208.1335714285714
40.44418586891632
GD
1
268.93
30.411133488623772
RB
1
263.6257142857142
37.78963770253411
ZIBTQ
1
227.93000000000004
47.85067583118899
1 GD 1 GDX 1 ZIBTQ 1 ZIP
60
4
GD
1
246.695
36.83579660289909
GDX
1
240.66416666666672
42.713883008283666
ZIBTQ
1
234.8533333333333
45.58776384285295
ZIP
1
137.48666666666665
51.894913845913
2 GDX 2 ZI
70
2
GDX
2
258.6057142857143
26.527390861998363
ZI
2
241.48107142857143
27.92880937294939
1 GDX 1 RB 2 ZIP
70
3
GDX
1
279.38214285714287
38.77041900561611
RB
1
268.12571428571437
39.529471949575125
ZIP
2
85.50464285714285
31.295104210203714
1 AA 1 GD 1 ZI 1 ZIP
70
4
AA
1
213.91357142857137
41.11151459860833
GD
1
252.11142857142852
36.01243231657512
ZI
1
232.535
44.56159649120413
ZIP
1
113.9992857142857
47.01645260128237
1 GD 1 RB 1 ZIBTQ 1 ZIP
70
4
GD
1
254.86357142857145
42.48475674724353
RB
1
260.8278571428571
33.54261552593913
ZIBTQ
1
230.3842857142857
46.61808238972996
ZIP
1
132.48571428571424
42.71151849764934
1 GD 2 KAPLAN 1 ZIBTQ
70
3
GD
1
279.36142857142863
47.16162458773826
KAPLAN
2
169.51035714285712
24.116678601707793
ZIBTQ
1
238.25357142857138
39.87563808165773
1 GD 1 GDX 1 KAPLAN 1 RB
70
4
GD
1
246.4678571428571
37.64357696812432
GDX
1
248.30642857142863
40.1042824916991
KAPLAN
1
228.26999999999998
37.395534849079745
RB
1
255.70428571428576
37.39625946120299
1 AA 2 ZI 1 ZIBTQ
70
3
AA
1
262.33142857142855
37.66498818297846
ZI
2
234.9067857142857
27.47475425586094
ZIBTQ
1
232.29500000000002
41.11956555486201
1 GD 1 GDX 1 RB 1 ZI
70
4
GD
1
242.40357142857147
44.96530940250553
GDX
1
241.34
40.588898687237425
RB
1
252.07357142857146
41.63180402043723
ZI
1
248.57428571428574
37.47105263596294
3 ZI 1 ZIBTQ
70
2
ZI
3
216.0250000000001
24.94051687755175
ZIBTQ
1
207.32428571428574
41.53793685941331
2 GDX 2 ZIP
70
2
GDX
2
249.2446428571429
28.311485353842123
ZIP
2
94.06642857142857
24.96200380198369
2 GDX 1 KAPLAN 1 ZIBTQ
70
3
GDX
2
254.22535714285712
31.54111665911975
KAPLAN
1
237.56428571428572
39.934914744869985
ZIBTQ
1
232.11142857142858
46.316069440160696
1 AA 3 KAPLAN
70
2
AA
1
368.8185714285716
44.5314972256151
KAPLAN
3
70.49452380952381
22.011493996838986
1 KAPLAN 1 RB 1 ZIBTQ 1 ZIP
70
4
KAPLAN
1
222.1571428571429
34.70307458033748
RB
1
265.04357142857145
40.284922046931804
ZIBTQ
1
226.38857142857148
36.697526715529634
ZIP
1
153.18428571428572
29.082240077093306
1 GD 2 GDX 1 KAPLAN
70
3
GD
1
258.42428571428565
41.72074390828676
GDX
2
248.3446428571429
28.279803661756592
KAPLAN
1
211.905
32.79349467448135
1 AA 1 GDX 1 ZIBTQ 1 ZIP
70
4
AA
1
215.90785714285707
40.276194299858886
GDX
1
255.44357142857152
37.07005667517772
ZIBTQ
1
240.9428571428571
38.26659669183341
ZIP
1
126.53928571428574
46.81954702858398
1 AA 3 ZIP
70
2
AA
1
278.60642857142864
38.83889571598615
ZIP
3
68.38595238095239
22.950409034164334
2 AA 1 GD 1 ZIBTQ
70
3
AA
2
204.91607142857137
24.79132767803794
GD
1
255.3692857142858
35.67584615510303
ZIBTQ
1
229.0257142857142
41.59544746830437
1 GDX 1 KAPLAN 1 ZI 1 ZIP
70
4
GDX
1
271.30000000000007
36.04714791371799
KAPLAN
1
221.54071428571424
35.96073603813368
ZI
1
247.30428571428564
37.88671308183585
ZIP
1
154.8957142857143
38.120038059288554
1 GDX 3 RB
70
2
GDX
1
245.50928571428568
41.1369998474661
RB
3
245.1483333333334
22.854518401958206
1 GDX 1 KAPLAN 1 ZI 1 ZIBTQ
70
4
GDX
1
278.45785714285716
35.258388587524735
KAPLAN
1
207.69500000000002
48.96791492903648
ZI
1
238.4857142857143
35.22009560504495
ZIBTQ
1
231.86428571428573
42.09138816337411
1 AA 1 KAPLAN 1 RB 1 ZIBTQ
70
4
AA
1
246.95357142857137
44.956840428198014
KAPLAN
1
231.48571428571427
34.93851172354056
RB
1
264.33571428571435
43.48455813107242
ZIBTQ
1
229.20499999999998
30.8443551658399
2 GD 2 GDX
70
2
GD
2
241.17857142857142
30.950697096523996
GDX
2
248.8264285714286
26.87153760396672
1 AA 1 KAPLAN 2 ZIBTQ
70
3
AA
1
273.1742857142859
41.77264026536825
KAPLAN
1
203.82071428571427
39.91929052168135
ZIBTQ
2
243.04071428571427
26.89770884013029
1 GD 1 RB 2 ZI
70
3
GD
1
262.4335714285714
38.15668064432801
RB
1
252.36214285714289
37.935168915820626
ZI
2
231.99785714285713
25.099732577903374
1 GDX 2 ZI 1 ZIBTQ
70
3
GDX
1
263.7271428571429
43.47573106403032
ZI
2
239.23857142857145
26.788804790392504
ZIBTQ
1
244.91571428571436
37.37288573694283
1 RB 2 ZI 1 ZIBTQ
70
3
RB
1
283.8078571428572
38.56966275673859
ZI
2
236.7846428571429
26.1882975927847
ZIBTQ
1
224.34214285714293
37.03005286472728
1 AA 1 KAPLAN 2 ZI
70
3
AA
1
280.7021428571428
43.12700190286855
KAPLAN
1
179.32285714285712
41.78229706341212
ZI
2
247.35892857142858
29.588656337105295
3 GDX 1 KAPLAN
70
2
GDX
3
240.2519047619048
20.69756114278129
KAPLAN
1
219.21857142857138
40.664325778430296
2 RB 1 ZIBTQ 1 ZIP
70
3
RB
2
258.2157142857142
31.345487385214998
ZIBTQ
1
230.75357142857143
41.286328063161896
ZIP
1
128.26142857142858
36.86721601108696
1 AA 2 RB 1 ZI
70
3
AA
1
221.1157142857142
37.094427174470404
RB
2
247.90892857142867
28.328602125300442
ZI
1
229.71571428571437
40.002029867947485
2 GD 1 KAPLAN 1 RB
70
3
GD
2
247.6235714285714
24.118084828678604
KAPLAN
1
222.50785714285715
37.88308461965467
RB
1
240.91928571428573
39.46069810941252
1 GD 1 ZIBTQ 2 ZIP
60
3
GD
1
275.6675000000001
37.55350498723765
ZIBTQ
1
239.59499999999994
52.757258178069925
ZIP
2
103.21999999999998
32.68749742108008
1 AA 1 GD 1 ZI 1 ZIBTQ
70
4
AA
1
238.7192857142857
38.038571955724755
GD
1
256.62428571428563
40.72037844401289
ZI
1
242.5121428571429
35.464209395877766
ZIBTQ
1
236.09214285714293
39.37178270698646
1 AA 1 GDX 2 KAPLAN
70
3
AA
1
272.5871428571429
40.25010018067702
GDX
1
275.5678571428571
43.29486351575585
KAPLAN
2
182.93071428571432
28.565002773036948
1 AA 1 GD 2 ZI
60
3
AA
1
238.41833333333318
35.79896511809737
GD
1
266.4483333333334
40.49152766165937
ZI
2
230.9570833333333
24.578991097577052
1 AA 1 RB 1 ZI 1 ZIBTQ
70
4
AA
1
237.76428571428576
42.42017910104901
RB
1
267.4435714285714
36.71541795158455
ZI
1
242.11357142857145
29.865346390521896
ZIBTQ
1
226.8942857142857
44.87143780099482
1 GD 1 GDX 1 KAPLAN 1 ZIP
70
4
GD
1
249.42571428571438
39.048529173926525
GDX
1
249.4507142857142
36.14121090224353
KAPLAN
1
223.9764285714286
42.24887118116344
ZIP
1
132.33357142857145
37.01388547274309
3 RB 1 ZIP
70
2
RB
3
257.5330952380952
23.29776546421444
ZIP
1
110.58928571428571
45.69982058742845
1 AA 1 GD 1 GDX 1 ZIBTQ
70
4
AA
1
209.21714285714285
35.686108837979184
GD
1
255.72357142857135
41.067119194057895
GDX
1
237.83285714285714
38.252923053984475
ZIBTQ
1
231.885
33.40925925817335
1 GD 2 RB 1 ZIP
50
3
GD
1
262.20399999999995
36.351798921889
RB
2
248.7945
27.793145722789856
ZIP
1
112.53200000000002
49.87280438091889
2 AA 1 GD 1 ZI
70
3
AA
2
216.05142857142863
28.201044081513228
GD
1
258.1221428571429
38.1487903432934
ZI
1
229.70785714285722
44.92994756635126
1 GDX 1 ZI 1 ZIBTQ 1 ZIP
60
4
GDX
1
248.99083333333334
50.9297277357831
ZI
1
243.4316666666667
35.50825703073525
ZIBTQ
1
233.85416666666666
36.08870373179376
ZIP
1
148.6525
36.11682264386929
4 ZI
70
1
ZI
4
249.79428571428573
18.28301925402429
1 AA 2 GD 1 RB
70
3
AA
1
195.59571428571422
42.59382091069715
GD
2
247.2578571428571
24.736229924747096
RB
1
248.31428571428572
39.463390616599625
1 GD 1 GDX 1 RB 1 ZIBTQ
70
4
GD
1
252.89428571428576
37.47502123112447
GDX
1
246.6221428571429
47.257633518779244
RB
1
244.36714285714288
42.24194892805104
ZIBTQ
1
239.16642857142855
39.17240366581976
1 GDX 2 RB 1 ZI
70
3
GDX
1
250.12714285714281
40.39372645320605
RB
2
248.28000000000003
29.56147867304357
ZI
1
242.3514285714286
43.29642408654715
1 GDX 1 RB 2 ZIBTQ
70
3
GDX
1
261.80000000000007
39.303408159013316
RB
1
260.9435714285715
36.571275810760426
ZIBTQ
2
232.80749999999995
29.71308165154761
1 KAPLAN 1 RB 1 ZI 1 ZIP
70
4
KAPLAN
1
214.8171428571428
39.88964822186674
RB
1
271.8864285714285
38.883916633042524
ZI
1
238.25214285714287
37.70007646655935
ZIP
1
162.69357142857146
39.32995483611666
1 GD 3 ZIP
60
2
GD
1
299.5741666666666
40.6620339116651
ZIP
3
65.56194444444444
20.818103646321674
1 AA 1 GDX 1 KAPLAN 1 RB
70
4
AA
1
211.60714285714278
37.99293997918654
GDX
1
246.68928571428572
45.16018441749746
KAPLAN
1
229.57357142857143
41.90247454807096
RB
1
241.5164285714287
42.1883998604003
2 AA 2 ZIP
70
2
AA
2
214.85142857142856
29.662696270796616
ZIP
2
69.82178571428571
35.22904637576914
1 AA 1 RB 2 ZI
70
3
AA
1
240.59357142857147
39.08428218506666
RB
1
278.03928571428577
38.68651641921809
ZI
2
231.08142857142852
33.41774482262836
1 AA 2 GD 1 ZIP
70
3
AA
1
207.16285714285715
34.53848551790491
GD
2
250.38250000000002
29.034578348733984
ZIP
1
108.38357142857137
43.97451195115805
2 AA 2 GDX
70
2
AA
2
181.83214285714288
27.64154664193182
GDX
2
235.81428571428566
28.873225970121446
1 GDX 1 KAPLAN 1 RB 1 ZIP
70
4
GDX
1
256.99000000000007
42.955571297260576
KAPLAN
1
234.2085714285715
40.93354283929631
RB
1
250.67000000000007
40.354215818416044
ZIP
1
129.70000000000005
46.40542671093621
3 AA 1 RB
60
2
AA
3
193.12972222222226
24.41349495688906
RB
1
248.91333333333338
42.794885929719904
1 GD 3 GDX
70
2
GD
1
237.65071428571423
39.64306722823166
GDX
3
248.91999999999996
21.270325934711494
1 KAPLAN 2 RB 1 ZI
70
3
KAPLAN
1
215.98071428571424
43.40810134758329
RB
2
256.74607142857144
30.854656226213557
ZI
1
230.4557142857143
38.60003049868503
1 GD 1 GDX 1 ZI 1 ZIP
70
4
GD
1
249.24857142857144
42.40637594903504
GDX
1
244.23928571428573
37.53171157307247
ZI
1
245.75571428571425
44.74392228328081
ZIP
1
137.45214285714286
39.11281179700383
1 AA 1 ZI 2 ZIP
70
3
AA
1
253.0528571428572
40.780268157965075
ZI
1
252.93857142857132
40.85918272015569
ZIP
2
103.49428571428567
31.62805591803199
1 GD 1 RB 2 ZIP
70
3
GD
1
268.04499999999996
40.17974126741441
RB
1
282.3500000000001
35.13499764208696
ZIP
2
82.46785714285716
31.611840867523494
1 GDX 1 KAPLAN 1 RB 1 ZI
70
4
GDX
1
258.19928571428574
40.82504015932802
KAPLAN
1
210.95785714285722
36.174967152043585
RB
1
259.2528571428571
39.270685159190215
ZI
1
244.80857142857135
38.930622472011486
1 AA 1 GDX 2 ZIBTQ
60
3
AA
1
240.7875
28.964284436362604
GDX
1
271.27916666666664
41.03657239896411
ZIBTQ
2
235.7629166666667
30.11435300651585
2 GDX 1 KAPLAN 1 RB
70
3
GDX
2
255.8482142857142
28.167577852502145
KAPLAN
1
231.56071428571428
34.9478069107284
RB
1
248.16214285714284
42.84105288807348
1 GD 1 GDX 2 ZIP
70
3
GD
1
263.5878571428572
37.95801653785501
GDX
1
254.15142857142877
41.174506857273656
ZIP
2
95.65821428571428
31.70587252787695
2 AA 1 RB 1 ZIP
70
3
AA
2
203.8435714285715
29.199640977771402
RB
1
273.8864285714284
37.30908547929184
ZIP
1
100.5707142857143
47.89954404621234
1 AA 2 RB 1 ZIBTQ
70
3
AA
1
204.74714285714293
45.45451279954623
RB
2
252.99357142857147
31.144926960724213
ZIBTQ
1
228.02000000000004
48.25057786798734
2 GDX 1 RB 1 ZIBTQ
70
3
GDX
2
243.5878571428571
26.11860387921429
RB
1
260.6928571428572
36.914618751285076
ZIBTQ
1
224.6750000000001
42.02317747979076
1 AA 1 GDX 1 KAPLAN 1 ZIBTQ
70
4
AA
1
240.7735714285713
49.26333950572797
GDX
1
267.2257142857143
49.200813022928074
KAPLAN
1
225.76357142857142
37.228504681248644
ZIBTQ
1
226.98071428571427
43.11226976159914
1 GD 1 ZI 2 ZIP
70
3
GD
1
272.18428571428575
37.132692160797546
ZI
1
246.65499999999997
42.08202595094222
ZIP
2
105.43928571428569
28.775142678017687
1 GD 1 GDX 1 RB 1 ZIP
70
4
GD
1
252.56857142857152
41.052519183548256
GDX
1
240.37428571428572
40.87656894395823
RB
1
242.03357142857135
39.77212210383218
ZIP
1
119.27642857142855
44.789842846561044
3 GDX 1 RB
70
2
GDX
3
240.35571428571424
22.83620110906285
RB
1
240.73785714285717
39.399356942766175
2 GD 1 KAPLAN 1 ZIP
70
3
GD
2
248.96214285714282
24.8420113897922
KAPLAN
1
234.9857142857143
36.70108410882264
ZIP
1
144.02142857142852
40.439599774386096
1 RB 1 ZIBTQ 2 ZIP
70
3
RB
1
280.6657142857142
44.084344143688696
ZIBTQ
1
250.21
36.410279907248196
ZIP
2
107.9117857142857
29.12601222216871
1 GD 1 GDX 2 ZIBTQ
70
3
GD
1
248.80785714285713
36.83611626985771
GDX
1
253.5528571428572
35.873257339642564
ZIBTQ
2
239.5192857142857
30.660116063523894
1 GD 2 ZIBTQ 1 ZIP
70
3
GD
1
254.35857142857137
43.28143118050644
ZIBTQ
2
229.32142857142858
24.16364740529692
ZIP
1
156.94428571428568
37.91263227524115
2 KAPLAN 1 ZIBTQ 1 ZIP
70
3
KAPLAN
2
157.85607142857148
30.414007785000127
ZIBTQ
1
230.23071428571436
42.16778449921709
ZIP
1
233.74714285714293
37.403542754320796
1 AA 3 ZI
70
2
AA
1
267.1614285714286
37.83146476547508
ZI
3
241.52095238095245
24.369650533305972
1 GDX 2 RB 1 ZIP
70
3
GDX
1
242.1500000000001
44.04705259660983
RB
2
251.12821428571428
27.382997965664075
ZIP
1
109.34000000000002
41.85990253892611
1 GD 1 KAPLAN 2 ZI
70
3
GD
1
260.7449999999999
37.02399666395254
KAPLAN
1
191.2328571428571
40.303537891460216
ZI
2
246.10785714285717
30.882160840954484
2 ZI 2 ZIP
70
2
ZI
2
230.1114285714286
22.76543148229249
ZIP
2
145.16249999999994
31.116583565776278
2 KAPLAN 2 ZI
70
2
KAPLAN
2
119.77499999999998
31.12847103305727
ZI
2
281.0817857142856
26.73032974273869
1 AA 3 GDX
60
2
AA
1
190.1675
46.09412583154442
GDX
3
245.07611111111103
22.828680259267454
3 GD 1 GDX
70
2
GD
3
249.06309523809526
23.945570904243137
GDX
1
245.4542857142857
43.56501662109221
1 AA 1 GD 1 GDX 1 RB
70
4
AA
1
189.02714285714288
40.104444364367914
GD
1
239.8885714285714
38.89410411494884
GDX
1
249.15357142857138
34.097702473376394
RB
1
252.44499999999996
36.667131570169424
3 AA 1 ZIP
70
2
AA
3
196.46880952380957
24.27004560661921
ZIP
1
80.74714285714286
38.23789036508713
1 AA 1 KAPLAN 1 ZI 1 ZIBTQ
60
4
AA
1
268.1275
48.127577347214384
KAPLAN
1
197.37999999999994
40.30692452535598
ZI
1
251.71666666666664
39.52574021269582
ZIBTQ
1
237.27333333333337
41.31720482659832
2 AA 1 GDX 1 RB
70
3
AA
2
185.51392857142855
26.867941603186157
GDX
1
236.9928571428571
40.39541404608051
RB
1
252.2992857142858
43.77743999046042
3 GD 1 RB
60
2
GD
3
248.9044444444445
20.652973494115273
RB
1
246.32833333333332
43.801707175357556
1 KAPLAN 3 ZIP
70
2
KAPLAN
1
329.835
42.12642606192082
ZIP
3
59.01500000000003
22.645938894369475
1 RB 1 ZI 1 ZIBTQ 1 ZIP
70
4
RB
1
261.4571428571429
41.39805863908463
ZI
1
244.26785714285714
33.252248116923894
ZIBTQ
1
220.06071428571434
38.588194840121126
ZIP
1
153.0771428571428
37.66787889669286
2 AA 2 RB
60
2
AA
2
191.60666666666665
29.968166700492826
RB
2
256.3658333333334
30.60432360623314
1 KAPLAN 1 ZIBTQ 2 ZIP
70
3
KAPLAN
1
242.2164285714286
48.89913447186508
ZIBTQ
1
229.265
35.09892300798987
ZIP
2
126.15714285714286
24.13058893079063
1 GD 3 RB
60
2
GD
1
242.245
48.4231056508528
RB
3
251.74611111111102
26.29807750245881
1 GD 1 ZI 1 ZIBTQ 1 ZIP
70
4
GD
1
254.7485714285714
39.24540949759658
ZI
1
231.42
42.87739058346887
ZIBTQ
1
230.77785714285713
39.00317102781728
ZIP
1
156.07071428571425
37.2520541072958
1 AA 2 KAPLAN 1 ZIP
70
3
AA
1
288.84142857142854
40.383784669257615
KAPLAN
2
173.98785714285714
30.482926324722364
ZIP
1
206.27928571428578
36.69999690148855
3 RB 1 ZI
70
2
RB
3
252.22095238095233
19.846125810131625
ZI
1
241.105
37.337408313065716
2 GDX 1 ZI 1 ZIP
70
3
GDX
2
250.2489285714287
28.073751823068545
ZI
1
238.3957142857143
42.956109845830625
ZIP
1
140.97428571428568
39.55567940294254
1 GDX 1 KAPLAN 2 ZI
70
3
GDX
1
274.5071428571428
43.542566744541546
KAPLAN
1
192.41714285714286
40.442092557451524
ZI
2
246.23178571428585
25.684472240642542
1 AA 3 ZIBTQ
70
2
AA
1
240.2564285714286
41.35936840440976
ZIBTQ
3
238.68809523809531
23.855239483086365
2 AA 2 ZIBTQ
70
2
AA
2
230.44749999999993
31.407936098875407
ZIBTQ
2
236.41071428571428
27.72076629085874
1 AA 1 GDX 2 RB
70
3
AA
1
190.29500000000004
36.8155382862021
GDX
1
233.77571428571426
27.851508853359615
RB
2
249.73249999999996
30.828393327864216
1 GDX 1 RB 2 ZI
70
3
GDX
1
261.9742857142857
32.85543479420382
RB
1
266.05642857142846
38.25438903403857
ZI
2
230.9867857142858
23.675082600782748
3 GD 1 ZIBTQ
70
2
GD
3
248.00357142857138
23.422640472187684
ZIBTQ
1
244.40499999999997
40.17285312441692
2 GD 1 GDX 1 ZI
60
3
GD
2
254.52708333333334
31.109671372352857
GDX
1
241.76749999999998
45.99585817425098
ZI
1
238.76500000000004
36.37997494496426
2 KAPLAN 2 ZIP
70
2
KAPLAN
2
207.85750000000002
28.532113253064583
ZIP
2
96.51928571428573
24.65320269876975
1 AA 1 GDX 1 RB 1 ZIP
70
4
AA
1
167.2057142857143
36.83251977232607
GDX
1
219.05571428571432
46.71882946987292
RB
1
216.8771428571429
40.39515797267833
ZIP
1
90.97428571428571
40.02781444480463
3 GD 1 ZIP
70
2
GD
3
243.68190476190478
23.401275569148034
ZIP
1
126.90857142857146
43.44146827441597
1 AA 1 KAPLAN 1 RB 1 ZIP
70
4
AA
1
217.67357142857145
39.17527467880391
KAPLAN
1
236.93214285714285
42.07496368876535
RB
1
260.36
35.44555683384398
ZIP
1
119.34642857142858
40.71347482805363
2 GD 1 GDX 1 ZIP
60
3
GD
2
253.13041666666666
28.345929120095146
GDX
1
242.58249999999998
43.29210880621129
ZIP
1
125.3791666666667
39.14847761179913
1 KAPLAN 2 RB 1 ZIP
70
3
KAPLAN
1
228.15357142857144
41.78040873607237
RB
2
247.7125
26.58492025918268
ZIP
1
118.80428571428575
41.84471759963788
1 GD 1 GDX 1 KAPLAN 1 ZI
60
4
GD
1
250.70416666666674
40.71281830825037
GDX
1
246.0908333333333
41.39289090351762
KAPLAN
1
217.04916666666665
36.20173352720605
ZI
1
235.59583333333333
36.36895509421893
2 GD 1 ZIBTQ 1 ZIP
70
3
GD
2
249.61392857142846
30.505978027642858
ZIBTQ
1
241.22714285714287
46.57638699062366
ZIP
1
130.09071428571423
38.40902048940298
1 GDX 1 KAPLAN 2 ZIBTQ
70
3
GDX
1
273.7842857142856
41.67459802999842
KAPLAN
1
229.55285714285714
41.83916948146209
ZIBTQ
2
238.42642857142872
27.962249380253947
2 AA 1 GDX 1 KAPLAN
70
3
AA
2
214.22500000000008
28.35686840515343
GDX
1
256.3407142857143
40.52553705847621
KAPLAN
1
235.72071428571425
42.48117722460328
2 AA 1 ZI 1 ZIBTQ
70
3
AA
2
240.45857142857142
26.942022560397735
ZI
1
241.33071428571427
43.952576939385445
ZIBTQ
1
221.16071428571422
34.99315229701483
1 GDX 1 RB 1 ZI 1 ZIBTQ
70
4
GDX
1
264.59714285714284
32.92717751104894
RB
1
266.9564285714286
41.58460487591774
ZI
1
242.10071428571428
47.2312848069381
ZIBTQ
1
232.405
38.60108839046386
1 GD 1 RB 1 ZI 1 ZIP
70
4
GD
1
259.7464285714285
39.56713910235156
RB
1
257.9957142857143
43.69951131180546
ZI
1
243.82071428571425
43.02908699194501
ZIP
1
124.01714285714284
45.96081926888947
2 GDX 2 ZIBTQ
60
2
GDX
2
245.85791666666665
26.383801775582
ZIBTQ
2
242.95083333333332
28.35894447893657
1 GD 1 KAPLAN 1 ZIBTQ 1 ZIP
70
4
GD
1
262.45071428571435
44.099423514247235
KAPLAN
1
220.38500000000002
42.21330391988726
ZIBTQ
1
235.8942857142858
37.66764484223571
ZIP
1
146.77642857142857
38.4184147591525
2 GD 1 RB 1 ZI
70
3
GD
2
249.76249999999996
27.028834050103903
RB
1
251.02428571428572
37.20860076788372
ZI
1
240.41071428571433
38.38770041096442
1 GD 1 GDX 2 ZI
70
3
GD
1
255.6914285714286
37.34163127372476
GDX
1
252.41999999999996
46.37975600437209
ZI
2
243.73500000000007
27.853340027787613
2 GD 2 ZIBTQ
70
2
GD
2
254.45464285714286
28.163087672630862
ZIBTQ
2
245.96785714285718
25.50326248289351
2 AA 1 KAPLAN 1 RB
70
3
AA
2
215.56749999999997
30.07424067867062
KAPLAN
1
230.10357142857146
41.595763943614685
RB
1
252.9407142857143
38.620585976992054
1 AA 1 GDX 1 ZI 1 ZIBTQ
70
4
AA
1
234.85
40.16319231623447
GDX
1
263.94071428571414
37.729500742110304
ZI
1
244.01071428571433
41.128740179070796
ZIBTQ
1
224.65285714285713
42.891766471420645
1 AA 1 GD 1 ZIBTQ 1 ZIP
70
4
AA
1
213.12071428571426
40.8449502923698
GD
1
254.29571428571424
30.534494253380316
ZIBTQ
1
235.39071428571427
36.58904968698878
ZIP
1
131.44214285714287
44.60306324516292
1 GD 1 ZI 2 ZIBTQ
70
3
GD
1
255.09
39.56512191028081
ZI
1
255.85071428571428
41.57678924578047
ZIBTQ
2
225.92107142857142
28.000052228152704
1 KAPLAN 2 ZI 1 ZIP
70
3
KAPLAN
1
189.195
35.395211273632796
ZI
2
233.27142857142857
28.418382115162036
ZIP
1
220.20357142857145
41.32421174777504
1 GD 2 GDX 1 ZI
70
3
GD
1
257.895
42.57346471481509
GDX
2
249.35107142857143
32.30578541271133
ZI
1
250.34142857142848
41.22416378163714
3 KAPLAN 1 ZI
70
2
KAPLAN
3
59.95642857142858
21.604428099505338
ZI
1
317.09499999999997
45.34883677734258
1 KAPLAN 1 RB 2 ZIP
60
3
KAPLAN
1
254.48166666666677
38.862592346646494
RB
1
279.49333333333317
43.14062649920585
ZIP
2
97.15500000000002
28.408416003402543
2 GD 2 RB
70
2
GD
2
250.82357142857146
25.239104590306386
RB
2
244.925
30.024083325518948
2 AA 1 GDX 1 ZIP
70
3
AA
2
191.20535714285714
30.766908177041348
GDX
1
260.7264285714286
38.792630729911195
ZIP
1
99.61642857142856
37.488659186402515
1 GD 2 KAPLAN 1 RB
70
3
GD
1
254.7978571428571
39.78915562450015
KAPLAN
2
189.34357142857138
24.568980221046843
RB
1
266.89285714285717
32.21246560110297
3 KAPLAN 1 ZIP
70
2
KAPLAN
3
91.91880952380954
21.628936495729413
ZIP
1
162.815
39.247795329946086
1 AA 2 GDX 1 KAPLAN
60
3
AA
1
206.50916666666666
34.729172918005254
GDX
2
250.82083333333327
28.56176289395805
KAPLAN
1
223.92166666666668
35.25310546131857
1 GD 2 ZI 1 ZIBTQ
70
3
GD
1
260.44357142857143
43.58448052167484
ZI
2
240.82285714285717
28.21659604001566
ZIBTQ
1
232.74071428571426
31.561473739888516
2 AA 1 KAPLAN 1 ZIBTQ
70
3
AA
2
249.88785714285726
29.866412092392906
KAPLAN
1
204.04071428571433
42.75095328568514
ZIBTQ
1
237.69000000000005
35.29406993724307
1 AA 2 GDX 1 RB
70
3
AA
1
185.035
40.14101853816907
GDX
2
239.1585714285714
26.163362022204048
RB
1
242.2521428571428
44.635441596231495
1 AA 1 GD 1 KAPLAN 1 RB
70
4
AA
1
209.24571428571426
38.85931940278696
GD
1
257.47214285714284
33.23253713347501
KAPLAN
1
219.66071428571425
42.85863007697418
RB
1
252.18714285714285
40.50186303439179
2 RB 1 ZI 1 ZIP
60
3
RB
2
248.02333333333337
29.56799052253274
ZI
1
243.51500000000007
36.9173604436861
ZIP
1
128.67500000000004
41.40067104127525
2 GDX 1 RB 1 ZIP
70
3
GDX
2
253.50821428571436
27.254296120499585
RB
1
260.6707142857142
32.70462562165476
ZIP
1
116.29071428571426
38.510879611130676
1 GD 1 KAPLAN 1 RB 1 ZIBTQ
60
4
GD
1
259.20833333333337
41.73049136645106
KAPLAN
1
209.58333333333334
48.40338046505265
RB
1
254.11583333333337
41.65428316937933
ZIBTQ
1
238.6283333333333
33.09935458597184
1 AA 2 KAPLAN 1 RB
70
3
AA
1
267.3078571428571
35.34124682101191
KAPLAN
2
172.3257142857143
28.8167771051197
RB
1
262.62571428571425
32.832978057999625
2 GD 2 KAPLAN
50
2
GD
2
250.69549999999992
26.877379892160047
KAPLAN
2
155.51000000000002
32.89467358015981
2 AA 1 KAPLAN 1 ZIP
70
3
AA
2
232.50785714285715
29.08085249932464
KAPLAN
1
227.13285714285712
41.963115561577965
ZIP
1
117.6971428571429
42.21287743519065
1 AA 1 ZIBTQ 2 ZIP
70
3
AA
1
234.08714285714288
41.27830495487831
ZIBTQ
1
253.48071428571424
36.80980406555775
ZIP
2
101.54892857142858
25.729381358597404
1 AA 1 GDX 1 RB 1 ZIBTQ
70
4
AA
1
210.0521428571429
36.881627298314754
GDX
1
244.64428571428576
42.754118030376226
RB
1
263.3957142857143
36.26737920583553
ZIBTQ
1
229.10428571428574
45.958519325813754
1 GD 1 GDX 1 ZI 1 ZIBTQ
70
4
GD
1
258.16357142857146
42.17882453085064
GDX
1
252.12500000000006
44.199015378915846
ZI
1
246.93928571428566
43.6094438651949
ZIBTQ
1
242.12428571428572
43.22406677893784
3 KAPLAN 1 ZIBTQ
60
2
KAPLAN
3
72.115
21.128133425280566
ZIBTQ
1
257.01999999999987
49.25159725662258
1 GDX 2 KAPLAN 1 ZIBTQ
70
3
GDX
1
288.6421428571429
45.159864780425536
KAPLAN
2
173.90535714285713
26.86799394500154
ZIBTQ
1
236.6185714285714
40.45085719471642
1 KAPLAN 1 RB 1 ZI 1 ZIBTQ
70
4
KAPLAN
1
196.46928571428575
43.28134884649787
RB
1
283.7449999999999
39.34885718718237
ZI
1
246.35642857142852
41.13161579662566
ZIBTQ
1
221.07999999999993
49.10897560614164
2 GDX 2 KAPLAN
70
2
GDX
2
255.45964285714285
26.426169591671336
KAPLAN
2
176.07642857142864
27.221711231987456
2 GDX 1 ZI 1 ZIBTQ
70
3
GDX
2
252.39107142857148
30.804219042029587
ZI
1
247.99214285714282
46.159033054651786
ZIBTQ
1
238.3178571428572
40.1162713973507
4 GD
70
1
GD
4
246.04642857142858
20.89924595973299
1 GDX 1 ZI 2 ZIBTQ
70
3
GDX
1
266.33428571428567
40.733461226930956
ZI
1
245.02785714285716
42.72839546958272
ZIBTQ
2
232.3107142857142
29.07438811346958
1 AA 2 GD 1 KAPLAN
70
3
AA
1
215.72214285714284
35.3820300113216
GD
2
252.2375
28.232353677267703
KAPLAN
1
212.4235714285714
38.05178212322278
1 AA 1 GD 1 KAPLAN 1 ZIP
70
4
AA
1
224.3478571428571
40.810725019326384
GD
1
255.0592857142857
41.291058713819254
KAPLAN
1
236.8207142857142
46.556383099523345
ZIP
1
120.95571428571428
43.240346151023786
2 AA 1 ZIBTQ 1 ZIP
70
3
AA
2
217.82785714285714
24.182398497448776
ZIBTQ
1
232.19071428571422
36.76168931798963
ZIP
1
138.89785714285713
41.17653709034402
2 GD 1 KAPLAN 1 ZIBTQ
70
3
GD
2
250.96571428571426
25.873098354971393
KAPLAN
1
225.08428571428578
41.450231733745206
ZIBTQ
1
239.72714285714284
43.27311059632722
2 GD 1 GDX 1 ZIBTQ
70
3
GD
2
250.28214285714284
26.63838884650157
GDX
1
239.2928571428571
46.70769288182627
ZIBTQ
1
247.2021428571429
43.59065347254639
1 ZI 2 ZIBTQ 1 ZIP
60
3
ZI
1
240.43499999999997
52.67077146175146
ZIBTQ
2
232.85916666666668
27.32615861379389
ZIP
1
200.965
45.70666487648171
1 KAPLAN 3 ZI
60
2
KAPLAN
1
176.89999999999995
43.923895547542614
ZI
3
255.50000000000003
19.109858648815393
4 GDX
70
1
GDX
4
247.43821428571422
18.544535463737112
2 AA 1 RB 1 ZIBTQ
70
3
AA
2
208.8092857142857
29.095066754704796
RB
1
257.6007142857143
41.40857184051966
ZIBTQ
1
221.74571428571426
43.20584714364761
1 GDX 2 KAPLAN 1 ZI
70
3
GDX
1
294.0164285714287
36.81267222169178
KAPLAN
2
150.44464285714287
29.51447633740332
ZI
1
272.24928571428575
40.13971854087242
1 GD 1 RB 1 ZI 1 ZIBTQ
70
4
GD
1
254.3435714285714
32.06039302264919
RB
1
258.32785714285717
40.961817337544694
ZI
1
226.5064285714286
48.44281075546828
ZIBTQ
1
227.9928571428571
38.041570024299745
1 GD 1 KAPLAN 1 RB 1 ZI
70
4
GD
1
264.4857142857144
43.40990033244008
KAPLAN
1
219.89000000000007
40.568607976531084
RB
1
264.81000000000006
43.129845721788286
ZI
1
230.48857142857142
41.0132890593653
1 RB 3 ZIP
70
2
RB
1
324.8735714285714
41.358696704393594
ZIP
3
64.09285714285714
20.566715806028355
1 GD 2 GDX 1 ZIP
70
3
GD
1
248.4192857142858
35.969377617947394
GDX
2
241.04107142857143
26.502807540944957
ZIP
1
129.88571428571427
42.649259409570476
1 GD 1 GDX 1 KAPLAN 1 ZIBTQ
70
4
GD
1
255.062857142857
45.564922915385964
GDX
1
252.18357142857153
37.44711161300572
KAPLAN
1
236.12000000000003
40.47991890665419
ZIBTQ
1
242.9557142857144
36.823747215230334
1 GD 2 GDX 1 ZIBTQ
70
3
GD
1
254.04642857142858
39.98939043456751
GDX
2
238.40785714285713
24.28109428795513
ZIBTQ
1
243.63428571428562
35.01394569053626
1 ZI 1 ZIBTQ 2 ZIP
70
3
ZI
1
249.18928571428583
32.07674942264242
ZIBTQ
1
234.925
43.573066747550655
ZIP
2
133.6539285714286
27.113616767175294
2 KAPLAN 1 RB 1 ZI
50
3
KAPLAN
2
142.276
29.000531087073444
RB
1
276.203
37.36952783181232
ZI
1
251.06500000000003
39.56971538728588
1 AA 1 GD 2 KAPLAN
70
3
AA
1
270.83714285714285
38.47623276132239
GD
1
276.685
43.72260879103458
KAPLAN
2
178.30892857142854
25.061193762739194
2 KAPLAN 1 RB 1 ZIP
70
3
KAPLAN
2
187.11249999999995
30.29176728043934
RB
1
267.0157142857144
47.233820824851584
ZIP
1
179.04714285714283
41.445229171589304
1 GDX 1 RB 1 ZIBTQ 1 ZIP
70
4
GDX
1
247.98285714285723
44.08688272558732
RB
1
258.0357142857142
42.39531370154806
ZIBTQ
1
238.39357142857148
36.338413303106954
ZIP
1
125.83571428571426
40.50725986546076
1 AA 1 GD 1 GDX 1 KAPLAN
70
4
AA
1
211.74428571428572
34.190993669332684
GD
1
252.0814285714285
43.90739486900982
GDX
1
240.13428571428568
42.6319997302446
KAPLAN
1
226.4107142857143
41.36689061294954
1 GD 1 KAPLAN 2 ZIBTQ
70
3
GD
1
267.8992857142857
36.38316890578244
KAPLAN
1
208.94142857142853
42.45168184401811
ZIBTQ
2
240.54892857142855
26.387399677655573
1 AA 1 RB 1 ZIBTQ 1 ZIP
60
4
AA
1
208.015
35.62146617499016
RB
1
264.79583333333335
39.852063675794106
ZIBTQ
1
240.4741666666666
41.48932579541971
ZIP
1
132.49666666666664
40.481501377995365
1 GD 2 KAPLAN 1 ZIP
70
3
GD
1
263.76642857142843
42.11851110766185
KAPLAN
2
192.33392857142854
26.407363451995707
ZIP
1
169.74571428571434
40.62225102113017
2 GDX 2 RB
70
2
GDX
2
250.69928571428568
28.209003572071797
RB
2
249.2346428571428
26.620498470781207
