330
1 GD 1 KAPLAN 2 ZIP
70
3
GD
1
269.4571428571428
54.160914534979064
KAPLAN
1
245.95357142857142
48.84565949529817
ZIP
2
93.91285714285712
29.438079913261866
1 AA 1 GD 2 RB
70
3
AA
1
190.28214285714282
38.37593557325278
GD
1
237.77785714285716
51.999608951630094
RB
2
252.04749999999996
35.21987571720993
3 AA 1 ZI
60
2
AA
3
214.32305555555547
29.61878331266899
ZI
1
245.4975
51.487882413405465
1 AA 2 GDX 1 ZIP
70
3
AA
1
185.18
41.491528739525336
GDX
2
242.29928571428573
37.41194422799178
ZIP
1
109.53571428571425
39.68568754498739
1 AA 3 GD
70
2
AA
1
199.55785714285716
44.94376616213571
GD
3
245.32619047619045
28.124875671178962
1 GDX 2 RB 1 ZIBTQ
60
3
GDX
1
259.0375
56.896549855124505
RB
2
251.04833333333332
37.19283613442543
ZIBTQ
1
231.52666666666667
53.08722654483113
1 AA 2 GD 1 ZIBTQ
70
3
AA
1
217.51928571428573
52.24322190680894
GD
2
248.12607142857138
34.732093648514535
ZIBTQ
1
240.2571428571429
45.566314536158885
1 GDX 2 KAPLAN 1 ZIP
70
3
GDX
1
267.9428571428571
53.90084698891521
KAPLAN
2
198.91714285714286
24.255949396435692
ZIP
1
182.63428571428574
45.324361584706566
1 KAPLAN 1 RB 2 ZIBTQ
78
3
KAPLAN
1
199.3987179487179
36.08698711976363
RB
1
282.4935897435897
54.31350021000727
ZIBTQ
2
225.25256410256407
34.4593911852963
2 KAPLAN 2 ZIBTQ
60
2
KAPLAN
2
138.54583333333332
29.713612492612054
ZIBTQ
2
233.08416666666665
41.97545388047903
1 AA 2 ZIBTQ 1 ZIP
70
3
AA
1
243.30999999999992
50.17097666978389
ZIBTQ
2
227.26571428571435
33.45298197562101
ZIP
1
184.52428571428575
41.14045866024722
1 RB 1 ZI 2 ZIP
70
3
RB
1
272.5764285714285
51.89987857816789
ZI
1
243.36428571428567
56.36417437576129
ZIP
2
96.44035714285714
25.196906092974253
1 GDX 3 ZI
70
2
GDX
1
268.6435714285714
51.378500868851866
ZI
3
243.3809523809524
32.867760206587434
1 GDX 1 ZI 2 ZIP
70
3
GDX
1
261.97642857142847
52.19690037419339
ZI
1
243.90928571428574
46.64164853498668
ZIP
2
102.1110714285714
24.832763724748474
2 RB 2 ZIBTQ
40
2
RB
2
266.171875
37.556550771594765
ZIBTQ
2
235.32062500000006
33.79593350514785
3 ZIBTQ 1 ZIP
70
2
ZIBTQ
3
236.68952380952376
28.904467877221094
ZIP
1
193.27857142857147
42.40829818681764
4 RB
60
1
RB
4
246.98937499999997
26.62042026584495
1 AA 1 ZI 1 ZIBTQ 1 ZIP
70
4
AA
1
246.8635714285714
43.59819452473149
ZI
1
241.8214285714286
39.16693902061913
ZIBTQ
1
224.17142857142855
45.27838775794899
ZIP
1
170.58285714285716
38.18104418024575
1 AA 1 GD 1 RB 1 ZIP
70
4
AA
1
199.33928571428578
46.59729214454507
GD
1
254.5342857142858
47.122648893875976
RB
1
269.99142857142857
49.59987397120262
ZIP
1
107.335
33.11416760887356
1 AA 2 GD 1 GDX
60
3
AA
1
186.40583333333336
41.73875805897386
GD
2
242.39541666666662
37.40068334148084
GDX
1
238.44416666666675
46.33393293227138
1 AA 1 KAPLAN 2 ZIP
70
3
AA
1
264.5292857142857
50.12163668292877
KAPLAN
1
248.95714285714274
48.58201334247238
ZIP
2
92.12071428571426
22.410936014839375
4 KAPLAN
60
1
KAPLAN
4
7.348958333333333
9.00992834659432
2 KAPLAN 2 RB
60
2
KAPLAN
2
184.2704166666667
23.239613491688186
RB
2
263.73875
34.30042772601385
1 GD 1 KAPLAN 2 RB
70
3
GD
1
251.59285714285724
42.219735809651084
KAPLAN
1
221.19999999999996
42.527325669167446
RB
2
250.77964285714287
35.47236501446427
1 KAPLAN 1 ZI 2 ZIP
70
3
KAPLAN
1
228.72928571428574
42.568209543925036
ZI
1
241.50499999999994
44.22809074235837
ZIP
2
137.23499999999999
31.23450227141225
1 AA 1 KAPLAN 2 RB
70
3
AA
1
220.22000000000003
42.57162988926512
KAPLAN
1
223.2157142857143
49.05374861375249
RB
2
251.00785714285718
36.60091688519203
2 GD 1 KAPLAN 1 ZI
70
3
GD
2
247.17714285714283
39.29029045425335
KAPLAN
1
216.24142857142851
46.47941352505057
ZI
1
236.78285714285707
53.67673071646747
1 GD 3 ZIBTQ
70
2
GD
1
263.02142857142854
51.05936430933576
ZIBTQ
3
238.60357142857143
29.882541339843204
1 KAPLAN 1 RB 2 ZI
70
3
KAPLAN
1
183.07714285714295
35.2514343028502
RB
1
279.7935714285714
50.129333386913565
ZI
2
236.89821428571423
33.349177362264804
1 AA 1 GD 1 RB 1 ZI
70
4
AA
1
211.10571428571427
40.746634867939996
GD
1
246.12714285714281
48.14527620035182
RB
1
263.9671428571428
49.10128154111246
ZI
1
234.40428571428566
55.68753883619435
1 AA 1 GDX 1 KAPLAN 1 ZIP
70
4
AA
1
216.12642857142868
40.62941819616894
GDX
1
256.8071428571428
50.24641372114765
KAPLAN
1
244.285
42.99453482711494
ZIP
1
125.5171428571429
35.770748110826005
1 AA 1 GD 2 ZIBTQ
50
3
AA
1
231.48800000000006
47.77675748729711
GD
1
280.64500000000004
51.45618062973581
ZIBTQ
2
233.04049999999998
40.07590918806459
2 GDX 1 KAPLAN 1 ZIP
70
3
GDX
2
250.80571428571426
35.632620531170126
KAPLAN
1
232.57357142857143
49.279960228292005
ZIP
1
129.51357142857142
39.78856522870842
1 ZI 3 ZIBTQ
70
2
ZI
1
260.43571428571437
46.89291839839324
ZIBTQ
3
241.37738095238097
25.94422513284535
1 GDX 3 ZIBTQ
70
2
GDX
1
258.7942857142857
54.83023125232716
ZIBTQ
3
235.91285714285718
33.48484248079599
2 KAPLAN 1 ZI 1 ZIBTQ
70
3
KAPLAN
2
124.92892857142861
19.359544279744497
ZI
1
271.12357142857144
44.23601612893259
ZIBTQ
1
245.53142857142862
44.832045435817264
2 AA 2 GD
60
2
AA
2
191.37125000000006
33.64516737989028
GD
2
243.02750000000006
39.84360485594478
2 AA 1 GD 1 RB
70
3
AA
2
189.7292857142857
30.94997258579116
GD
1
241.68928571428586
44.574694048190565
RB
1
252.42000000000002
49.223115504811354
1 KAPLAN 1 ZI 1 ZIBTQ 1 ZIP
70
4
KAPLAN
1
198.33428571428576
33.88432269486578
ZI
1
249.31142857142856
46.05180869057663
ZIBTQ
1
235.53071428571425
42.43690803740901
ZIP
1
213.10500000000002
44.060906019800754
1 AA 1 GDX 1 ZI 1 ZIP
60
4
AA
1
209.74583333333345
33.3627415585943
GDX
1
268.80749999999995
37.78437378180739
ZI
1
240.13
48.63360652196517
ZIP
1
115.24916666666668
32.29449319887561
2 ZI 2 ZIBTQ
50
2
ZI
2
258.0234999999999
40.716949606398565
ZIBTQ
2
235.83000000000004
30.327244352232196
2 RB 2 ZI
70
2
RB
2
268.0932142857144
39.32890383888632
ZI
2
230.08249999999995
32.16864915399553
2 GD 1 RB 1 ZIP
70
3
GD
2
251.4321428571428
37.619978104074185
RB
1
255.24000000000004
53.38726279339884
ZIP
1
126.26785714285717
38.054608620309025
3 GDX 1 ZIBTQ
50
2
GDX
3
250.68733333333338
22.961438340545357
ZIBTQ
1
235.38800000000003
41.73217530874709
2 ZIBTQ 2 ZIP
70
2
ZIBTQ
2
242.03214285714284
29.35991531920725
ZIP
2
134.3171428571428
27.874723747143968
1 GDX 1 ZIBTQ 2 ZIP
70
3
GDX
1
266.0442857142858
55.727968448050746
ZIBTQ
1
248.30500000000004
54.16995487089024
ZIP
2
105.4057142857143
24.553879229239556
1 AA 3 RB
70
2
AA
1
190.02785714285721
35.38587453824951
RB
3
246.1983333333333
24.358453952750246
1 AA 1 GDX 1 KAPLAN 1 ZI
70
4
AA
1
240.8657142857142
48.69076734340707
GDX
1
267.95785714285716
54.559011718449206
KAPLAN
1
209.5921428571428
36.75197626922772
ZI
1
230.87785714285712
45.663174937888016
2 AA 1 KAPLAN 1 ZI
70
3
AA
2
265.6225
38.83268669883659
KAPLAN
1
194.1442857142858
34.5572822001561
ZI
1
238.06000000000012
45.74129394134551
1 AA 1 GD 2 GDX
70
3
AA
1
190.63357142857134
40.02432985200428
GD
1
251.60071428571428
51.71839717772248
GDX
2
239.3607142857143
37.95933410794199
2 GD 1 GDX 1 KAPLAN
70
3
GD
2
245.3292857142857
31.970862005065463
GDX
1
249.01071428571424
43.92305276020225
KAPLAN
1
199.61428571428567
48.03169499913359
2 GDX 1 RB 1 ZI
70
3
GDX
2
240.9128571428572
36.799867707171266
RB
1
247.09500000000003
49.01158255963585
ZI
1
242.7221428571429
56.682086888007156
1 GDX 3 ZIP
70
2
GDX
1
296.4878571428572
61.59555493917807
ZIP
3
69.09380952380955
25.00296060474174
1 GDX 3 KAPLAN
70
2
GDX
1
277.4242857142857
57.31288420519742
KAPLAN
3
88.70690476190482
28.974191785550296
3 ZI 1 ZIP
60
2
ZI
3
230.2419444444444
26.097542542827505
ZIP
1
212.61666666666673
46.53464718775559
2 AA 1 ZI 1 ZIP
50
3
AA
2
215.26800000000003
33.79149857582525
ZI
1
248.24900000000014
45.46932866229719
ZIP
1
117.10600000000002
33.272261179547144
2 GDX 1 KAPLAN 1 ZI
50
3
GDX
2
260.19699999999995
40.731198619731295
KAPLAN
1
218.46200000000002
44.068479165952624
ZI
1
236.16
47.840109740676816
1 GD 3 ZI
70
2
GD
1
280.14
52.790033962049
ZI
3
242.12785714285715
27.094640822147447
2 KAPLAN 1 ZI 1 ZIP
70
3
KAPLAN
2
139.69071428571428
25.61535393856503
ZI
1
254.8235714285715
42.755762954440726
ZIP
1
258.6714285714285
51.81976496295913
1 AA 1 GD 1 GDX 1 ZIP
70
4
AA
1
196.88928571428573
43.668721965054395
GD
1
260.19142857142856
54.524328758184765
GDX
1
260.88142857142856
48.14629207754555
ZIP
1
102.73999999999998
34.660102217308676
1 GD 1 KAPLAN 1 ZI 1 ZIBTQ
70
4
GD
1
268.9814285714285
58.64814829096639
KAPLAN
1
200.92785714285716
39.0164458325994
ZI
1
242.66857142857143
49.524276998709404
ZIBTQ
1
234.7792857142857
42.19864968460581
1 GD 1 KAPLAN 1 ZI 1 ZIP
70
4
GD
1
267.1778571428572
55.986949139773564
KAPLAN
1
206.30642857142857
42.331593167539076
ZI
1
234.55214285714288
47.65264528387716
ZIP
1
155.09
36.7630352003593
2 RB 2 ZIP
70
2
RB
2
284.46071428571423
41.34307930757763
ZIP
2
91.71035714285719
20.928925000060634
2 AA 2 ZI
70
2
AA
2
251.73535714285717
39.05635225745184
ZI
2
231.2253571428571
36.72448737677266
4 AA
71
1
AA
4
186.0401408450704
32.59872396590877
1 GDX 2 ZI 1 ZIP
70
3
GDX
1
260.9128571428571
55.89690490135407
ZI
2
229.56250000000006
34.922544332831364
ZIP
1
155.25857142857146
41.00089717783935
2 AA 1 GD 1 GDX
60
3
AA
2
192.49291666666664
26.423491399568213
GD
1
259.26750000000004
58.08162347435431
GDX
1
234.50666666666666
44.63936087007618
3 AA 1 ZIBTQ
70
2
AA
3
213.18761904761914
28.407897639552974
ZIBTQ
1
229.98214285714295
47.83641099452105
1 GDX 1 KAPLAN 2 RB
70
3
GDX
1
252.81571428571422
46.09242542579695
KAPLAN
1
218.5464285714285
47.333766504796685
RB
2
246.13535714285706
40.73760558502452
1 AA 1 KAPLAN 1 RB 1 ZI
70
4
AA
1
251.20571428571435
49.086249560527314
KAPLAN
1
204.32785714285708
35.89706079861682
RB
1
267.2507142857143
61.529273806896846
ZI
1
234.515
48.42805440621613
1 GD 1 GDX 2 RB
50
3
GD
1
254.11499999999992
51.06773173932831
GDX
1
253.74299999999997
47.59748103629015
RB
2
231.72600000000003
36.81111821175771
3 AA 1 GDX
70
2
AA
3
187.74476190476184
24.4297987670888
GDX
1
234.44571428571425
61.98504470714641
3 GD 1 ZI
70
2
GD
3
245.17380952380955
26.241475799851557
ZI
1
249.54285714285726
48.195093322953156
2 AA 1 GDX 1 ZIBTQ
60
3
AA
2
215.8045833333332
32.8080606494256
GDX
1
251.77083333333334
47.91630402036682
ZIBTQ
1
223.01249999999996
50.62203540702409
2 AA 1 GDX 1 ZI
70
3
AA
2
206.42964285714285
29.512816311869717
GDX
1
257.34857142857146
49.95113038291137
ZI
1
235.31
46.06013972437091
2 GD 2 ZIP
70
2
GD
2
251.7353571428571
36.024478159414926
ZIP
2
94.9685714285714
29.335398742607115
1 KAPLAN 2 RB 1 ZIBTQ
70
3
KAPLAN
1
229.26571428571427
43.49763092305566
RB
2
254.4657142857143
37.66389284832086
ZIBTQ
1
223.51428571428568
48.658503986498424
3 GDX 1 ZIP
70
2
GDX
3
250.70523809523817
29.925585425160005
ZIP
1
124.86428571428571
42.398096438786645
2 AA 1 GD 1 ZIP
70
3
AA
2
198.97250000000003
38.58361956980116
GD
1
265.45571428571424
52.74797798620011
ZIP
1
99.92571428571428
34.34041324201928
1 RB 3 ZIBTQ
70
2
RB
1
280.5978571428571
47.11134791694056
ZIBTQ
3
235.12238095238098
30.177610470283177
1 KAPLAN 1 ZI 2 ZIBTQ
70
3
KAPLAN
1
191.87214285714285
40.88982464738481
ZI
1
248.23928571428573
43.51877582710474
ZIBTQ
2
240.19607142857146
29.496099510817377
1 GD 2 RB 1 ZI
70
3
GD
1
256.7957142857143
57.1429865355678
RB
2
246.08428571428567
36.86926351782658
ZI
1
231.54071428571433
46.858039631009156
1 AA 1 GDX 1 RB 1 ZI
70
4
AA
1
204.1778571428572
41.09203488661092
GDX
1
242.27999999999992
50.06980726945132
RB
1
254.61500000000004
42.50746350432391
ZI
1
231.63714285714283
48.9130377636199
2 GD 1 ZI 1 ZIP
70
3
GD
2
249.8364285714287
33.533550280096435
ZI
1
236.40785714285707
53.34641749634065
ZIP
1
135.69357142857146
38.91522830959308
1 AA 1 ZI 2 ZIBTQ
70
3
AA
1
248.86
44.28675600157294
ZI
1
248.93142857142857
47.15662290361205
ZIBTQ
2
230.6085714285715
30.332392187500254
2 ZI 1 ZIBTQ 1 ZIP
70
3
ZI
2
245.05
30.999030514794217
ZIBTQ
1
235.27357142857136
42.93569337761214
ZIP
1
199.3371428571429
44.41799240149865
3 AA 1 KAPLAN
70
2
AA
3
220.2038095238095
29.042952615025893
KAPLAN
1
214.59785714285712
40.51643179511448
3 AA 1 GD
70
2
AA
3
192.98761904761903
27.178764423735437
GD
1
248.99928571428572
46.626335670533074
1 KAPLAN 3 ZIBTQ
70
2
KAPLAN
1
203.61071428571427
37.70444829086308
ZIBTQ
3
240.2133333333334
30.280961670372026
1 GD 2 ZI 1 ZIP
70
3
GD
1
253.38500000000002
45.17377901741547
ZI
2
232.88464285714286
36.70434853880617
ZIP
1
161.28142857142862
40.2873226882571
1 AA 1 GD 1 GDX 1 ZI
70
4
AA
1
218.12285714285716
44.081202412393985
GD
1
242.06500000000008
45.888552377316444
GDX
1
246.69928571428576
50.965071717835166
ZI
1
244.43500000000006
48.83113493751413
2 AA 2 KAPLAN
70
2
AA
2
280.27250000000004
38.472847370859206
KAPLAN
2
158.77107142857145
24.545917843515486
1 RB 3 ZI
70
2
RB
1
285.695
45.36377027509318
ZI
3
238.2069047619048
30.464784834668954
1 AA 1 GDX 2 ZI
70
3
AA
1
235.16714285714286
41.762364196310834
GDX
1
268.26785714285717
51.9395658679491
ZI
2
234.90785714285707
36.09128692408646
1 ZIBTQ 3 ZIP
70
2
ZIBTQ
1
268.69500000000005
53.20240673261745
ZIP
3
79.46095238095239
20.76872556974508
1 KAPLAN 2 ZIBTQ 1 ZIP
70
3
KAPLAN
1
208.79499999999996
41.86369681136971
ZIBTQ
2
232.27178571428576
34.501564385191436
ZIP
1
203.67642857142863
41.90174026511187
2 AA 1 RB 1 ZI
60
3
AA
2
218.03833333333336
29.4593280595845
RB
1
260.98416666666657
51.55041746651741
ZI
1
228.49999999999994
53.87661289155682
1 GDX 1 RB 1 ZI 1 ZIP
70
4
GDX
1
257.5864285714285
54.038707635908395
RB
1
251.7199999999999
51.32730991253237
ZI
1
249.80642857142863
49.928496673763775
ZIP
1
130.0785714285714
33.02125675923289
1 GD 2 KAPLAN 1 ZI
70
3
GD
1
285.537142857143
45.52373375168031
KAPLAN
2
146.61964285714282
22.898424286868043
ZI
1
263.0385714285715
55.92381499570169
1 GDX 2 ZIBTQ 1 ZIP
70
3
GDX
1
262.83571428571435
47.74659684421584
ZIBTQ
2
230.57249999999996
33.76367266699945
ZIP
1
160.515
39.1978619588219
1 GDX 1 KAPLAN 2 ZIP
70
3
GDX
1
273.30857142857155
51.74676316407803
KAPLAN
1
241.5857142857143
46.64883028916093
ZIP
2
98.50535714285716
32.996918928909416
1 AA 2 ZI 1 ZIP
50
3
AA
1
258.99800000000016
48.23521012704309
ZI
2
241.88749999999996
33.76329080895404
ZIP
1
169.29700000000008
36.32790581632804
2 GD 1 RB 1 ZIBTQ
70
3
GD
2
248.325
37.196863106987934
RB
1
256.70428571428573
51.82730164612439
ZIBTQ
1
240.00499999999997
48.55122857795229
2 GDX 1 ZIBTQ 1 ZIP
70
3
GDX
2
246.50607142857146
37.64593685050275
ZIBTQ
1
234.91142857142856
42.227428604292406
ZIP
1
133.81500000000005
35.923247894444536
1 AA 2 GDX 1 ZI
70
3
AA
1
210.11785714285713
40.54757790521638
GDX
2
253.64428571428576
38.74261684765347
ZI
1
247.22142857142856
50.43379009824137
1 AA 1 GD 1 KAPLAN 1 ZI
70
4
AA
1
236.8542857142857
43.94279377201449
GD
1
258.49357142857144
46.666332251595776
KAPLAN
1
210.22928571428565
40.37674498029877
ZI
1
241.23714285714283
47.77979151849682
1 ZI 3 ZIP
70
2
ZI
1
257.7092857142857
45.30033687422608
ZIP
3
79.94500000000004
17.983671242246576
1 AA 1 GD 2 ZIP
70
3
AA
1
221.03142857142862
44.22736077154421
GD
1
279.9357142857143
56.654417393563236
ZIP
2
79.50357142857142
21.168146675452466
1 GDX 1 KAPLAN 1 RB 1 ZIBTQ
70
4
GDX
1
251.15285714285724
50.69442128064579
KAPLAN
1
220.13142857142861
46.679591878669875
RB
1
257.51071428571424
52.54862230955872
ZIBTQ
1
226.66285714285718
43.95770994109346
1 GD 1 KAPLAN 1 RB 1 ZIP
70
4
GD
1
258.1521428571429
51.387960260102545
KAPLAN
1
240.66071428571428
48.85565173685285
RB
1
256.2485714285715
47.183448953017844
ZIP
1
128.47857142857134
41.82459253616617
1 RB 1 ZI 2 ZIBTQ
70
3
RB
1
284.74928571428575
59.076254289844464
ZI
1
243.90999999999997
49.245356996515774
ZIBTQ
2
218.84785714285712
36.747849971814965
1 GD 1 RB 2 ZIBTQ
70
3
GD
1
257.1814285714286
51.379878059292395
RB
1
260.7278571428572
49.08595713913813
ZIBTQ
2
226.29357142857143
31.665697327627225
3 KAPLAN 1 RB
50
2
KAPLAN
3
88.8526666666667
13.23631242705712
RB
1
289.293
52.12438969426884
1 GD 2 GDX 1 RB
70
3
GD
1
254.41642857142855
48.87098373811001
GDX
2
247.14785714285716
39.58009549879682
RB
1
245.00928571428568
43.46542821012806
1 AA 1 RB 2 ZIBTQ
70
3
AA
1
220.8635714285715
30.923560044346875
RB
1
263.5907142857142
47.022632311364674
ZIBTQ
2
231.28714285714295
32.4875002728679
1 AA 2 RB 1 ZIP
70
3
AA
1
199.49357142857136
45.338033482960434
RB
2
256.6825
38.784036514948475
ZIP
1
101.85000000000001
32.61997854076547
1 AA 2 KAPLAN 1 ZI
70
3
AA
1
297.9928571428571
48.23979928123538
KAPLAN
2
123.7353571428571
20.538907804482218
ZI
1
270.0807142857142
52.27693925681978
2 GD 1 GDX 1 RB
70
3
GD
2
253.08535714285713
36.823050693450824
GDX
1
251.4107142857142
54.919993037181634
RB
1
247.39214285714283
53.3379753724936
2 GD 2 ZI
70
2
GD
2
250.19928571428574
35.225091242766496
ZI
2
251.13357142857134
38.96868818260976
3 GDX 1 ZI
70
2
GDX
3
250.02571428571432
25.62584225262582
ZI
1
242.23928571428576
51.588074405993936
1 AA 1 GDX 2 ZIP
70
3
AA
1
217.3742857142857
55.04168403703372
GDX
1
261.64214285714286
47.40460016535036
ZIP
2
77.17392857142856
20.739192172413215
3 RB 1 ZIBTQ
70
2
RB
3
248.76023809523804
28.048083613461994
ZIBTQ
1
232.52285714285716
50.97045270526438
1 AA 2 GD 1 ZI
70
3
AA
1
222.14714285714297
46.356339438338416
GD
2
241.93142857142863
38.383579237768345
ZI
1
238.89357142857142
43.88168746057694
1 RB 2 ZIBTQ 1 ZIP
70
3
RB
1
267.64714285714285
51.54610896061498
ZIBTQ
2
232.2171428571429
36.411735142978955
ZIP
1
166.91785714285712
42.84914154475499
4 ZIP
70
1
ZIP
4
63.90785714285715
20.173536543158797
3 GD 1 KAPLAN
70
2
GD
3
247.52190476190466
28.504241057720584
KAPLAN
1
195.23071428571424
46.92621510174788
1 AA 1 GD 1 KAPLAN 1 ZIBTQ
50
4
AA
1
240.51999999999995
44.035787718627226
GD
1
271.10999999999996
56.839333212134
KAPLAN
1
221.92300000000003
45.39181561691491
ZIBTQ
1
226.03300000000007
46.510814452125004
1 AA 1 KAPLAN 1 ZI 1 ZIP
70
4
AA
1
264.0335714285714
58.209963998214846
KAPLAN
1
207.26000000000008
37.89770253119385
ZI
1
240.00071428571422
42.90616213890257
ZIP
1
182.98714285714289
46.24698344271786
1 AA 1 RB 1 ZI 1 ZIP
70
4
AA
1
215.80428571428575
48.667548400828025
RB
1
264.16428571428565
56.51140475467707
ZI
1
245.7528571428571
46.47372674480734
ZIP
1
116.54999999999997
35.874812095077836
2 KAPLAN 1 RB 1 ZIBTQ
70
3
KAPLAN
2
152.65892857142856
21.594530040697144
RB
1
267.6507142857143
52.09243192418176
ZIBTQ
1
219.9328571428572
42.53490909637324
1 AA 2 KAPLAN 1 ZIBTQ
70
3
AA
1
283.7064285714286
47.23151786786067
KAPLAN
2
135.6917857142857
22.99027826093686
ZIBTQ
1
228.60714285714275
43.150859357205235
1 KAPLAN 2 ZI 1 ZIBTQ
70
3
KAPLAN
1
183.42071428571424
36.45373518137023
ZI
2
253.9664285714286
40.631724033803735
ZIBTQ
1
245.35357142857148
49.68329866078062
2 GD 1 ZI 1 ZIBTQ
70
3
GD
2
250.88964285714283
39.12315502104886
ZI
1
240.91428571428565
55.17632006502761
ZIBTQ
1
242.47428571428563
48.13946386939361
1 GDX 2 KAPLAN 1 RB
70
3
GDX
1
270.7050000000001
49.6486786977113
KAPLAN
2
195.66178571428568
29.31972389554896
RB
1
249.18357142857153
58.213208933950334
4 ZIBTQ
70
1
ZIBTQ
4
250.11553571428573
29.89386444422064
1 AA 1 KAPLAN 1 ZIBTQ 1 ZIP
70
4
AA
1
260.18857142857144
50.04976392939086
KAPLAN
1
220.15714285714287
44.584343252596035
ZIBTQ
1
222.62571428571425
47.72285372174361
ZIP
1
183.4592857142857
44.57664850958334
1 KAPLAN 3 RB
60
2
KAPLAN
1
217.65416666666667
42.97694468323168
RB
3
248.34861111111115
29.846412758528775
1 AA 2 GDX 1 ZIBTQ
70
3
AA
1
208.4235714285715
41.30227053723091
GDX
2
244.19964285714283
35.86635547737729
ZIBTQ
1
237.89499999999992
48.697469830137415
2 RB 1 ZI 1 ZIBTQ
70
3
RB
2
266.05678571428575
38.83824581366482
ZI
1
242.88571428571424
51.78248196808946
ZIBTQ
1
215.97785714285712
45.54984290055571
1 GD 2 RB 1 ZIBTQ
70
3
GD
1
242.39999999999995
54.56568453315168
RB
2
246.2721428571429
38.44415280239477
ZIBTQ
1
232.54999999999993
39.25703030759495
1 AA 1 RB 2 ZIP
70
3
AA
1
225.765
43.7187540258346
RB
1
276.87285714285724
58.051906998155104
ZIP
2
82.92178571428573
21.418835970034046
2 AA 1 GD 1 KAPLAN
60
3
AA
2
205.9725
35.03277979859245
GD
1
251.47083333333333
50.89187418084431
KAPLAN
1
227.11583333333337
49.97702179641049
1 GD 3 KAPLAN
70
2
GD
1
259.92071428571427
49.35344791317387
KAPLAN
3
73.17785714285712
29.302045776327713
1 RB 2 ZI 1 ZIP
70
3
RB
1
276.20642857142866
49.09621815623783
ZI
2
231.07142857142858
32.9324577424641
ZIP
1
149.21142857142863
38.635523228009234
1 GD 1 GDX 2 KAPLAN
70
3
GD
1
248.04500000000007
53.46496125634861
GDX
1
253.88285714285712
45.36248362257255
KAPLAN
2
169.70821428571426
39.68975549753465
1 GDX 1 KAPLAN 1 ZIBTQ 1 ZIP
70
4
GDX
1
272.2907142857143
46.99950477919738
KAPLAN
1
235.94357142857137
44.415367290281544
ZIBTQ
1
220.87071428571426
46.41420771769378
ZIP
1
151.1192857142857
39.46639826924847
1 AA 1 GD 1 RB 1 ZIBTQ
70
4
AA
1
208.1335714285714
42.02257107914794
GD
1
268.93
54.110844833281156
RB
1
263.6257142857142
48.79081715625913
ZIBTQ
1
227.93000000000004
51.71394907151674
1 GD 1 GDX 1 ZIBTQ 1 ZIP
60
4
GD
1
246.695
43.517318104405284
GDX
1
240.66416666666672
50.38156714155376
ZIBTQ
1
234.8533333333333
48.53606036294619
ZIP
1
137.48666666666665
38.95313730055072
2 GDX 2 ZI
70
2
GDX
2
258.6057142857143
32.53916930063689
ZI
2
241.48107142857143
34.89111210909138
1 GDX 1 RB 2 ZIP
70
3
GDX
1
279.38214285714287
45.06382698518868
RB
1
268.12571428571437
58.18586643731641
ZIP
2
85.50464285714285
22.771221076420662
1 AA 1 GD 1 ZI 1 ZIP
70
4
AA
1
213.91357142857137
43.75885128538369
GD
1
252.11142857142852
47.91914333498861
ZI
1
232.535
44.68641879810912
ZIP
1
113.9992857142857
33.67042098771258
1 GD 1 RB 1 ZIBTQ 1 ZIP
70
4
GD
1
254.86357142857145
42.65484725547327
RB
1
260.8278571428571
46.294742555341045
ZIBTQ
1
230.3842857142857
42.26870722182171
ZIP
1
132.48571428571424
34.51416494184168
1 GD 2 KAPLAN 1 ZIBTQ
70
3
GD
1
279.36142857142863
44.59572542890868
KAPLAN
2
169.51035714285712
23.075508410279014
ZIBTQ
1
238.25357142857138
42.9826554067606
1 GD 1 GDX 1 KAPLAN 1 RB
70
4
GD
1
246.4678571428571
51.24599289959466
GDX
1
248.30642857142863
42.402406368227815
KAPLAN
1
228.26999999999998
42.749773934239364
RB
1
255.70428571428576
52.2544528128992
1 AA 2 ZI 1 ZIBTQ
70
3
AA
1
262.33142857142855
46.71119487371963
ZI
2
234.9067857142857
37.01603487520851
ZIBTQ
1
232.29500000000002
48.65853481881965
1 GD 1 GDX 1 RB 1 ZI
70
4
GD
1
242.40357142857147
54.72678720009879
GDX
1
241.34
51.63995518422311
RB
1
252.07357142857146
52.80067283217716
ZI
1
248.57428571428574
44.78777714547411
3 ZI 1 ZIBTQ
70
2
ZI
3
216.0250000000001
91.29948315844946
ZIBTQ
1
207.32428571428574
94.01845933601744
2 GDX 2 ZIP
70
2
GDX
2
249.2446428571429
47.83143558612465
ZIP
2
94.06642857142857
25.99422081571838
2 GDX 1 KAPLAN 1 ZIBTQ
70
3
GDX
2
254.22535714285712
34.363576411674906
KAPLAN
1
237.56428571428572
39.188532527164796
ZIBTQ
1
232.11142857142858
47.83297888891884
1 AA 3 KAPLAN
70
2
AA
1
368.8185714285716
55.46925092300404
KAPLAN
3
70.49452380952381
15.38993214392311
1 KAPLAN 1 RB 1 ZIBTQ 1 ZIP
70
4
KAPLAN
1
222.1571428571429
40.8685954228517
RB
1
265.04357142857145
51.78167141361658
ZIBTQ
1
226.38857142857148
38.83384493254431
ZIP
1
153.18428571428572
37.110947116967616
1 GD 2 GDX 1 KAPLAN
70
3
GD
1
258.42428571428565
52.209810068098676
GDX
2
248.3446428571429
38.186594715212266
KAPLAN
1
211.905
54.10729165938992
1 AA 1 GDX 1 ZIBTQ 1 ZIP
70
4
AA
1
215.90785714285707
40.059074801842236
GDX
1
255.44357142857152
46.49157060419553
ZIBTQ
1
240.9428571428571
48.294722638129706
ZIP
1
126.53928571428574
33.6680474770719
1 AA 3 ZIP
70
2
AA
1
278.60642857142864
56.88959603692838
ZIP
3
68.38595238095239
21.61593689205001
2 AA 1 GD 1 ZIBTQ
70
3
AA
2
204.91607142857137
26.49974731541062
GD
1
255.3692857142858
52.31090182256271
ZIBTQ
1
229.0257142857142
45.482710013851225
1 GDX 1 KAPLAN 1 ZI 1 ZIP
70
4
GDX
1
271.30000000000007
52.540347761098246
KAPLAN
1
221.54071428571424
38.2404509956007
ZI
1
247.30428571428564
44.59275865529958
ZIP
1
154.8957142857143
42.64956113849382
1 GDX 3 RB
70
2
GDX
1
245.50928571428568
56.984843406481566
RB
3
245.1483333333334
43.941858605416456
1 GDX 1 KAPLAN 1 ZI 1 ZIBTQ
70
4
GDX
1
278.45785714285716
53.54449994144676
KAPLAN
1
207.69500000000002
34.41434309578327
ZI
1
238.4857142857143
44.25409193578854
ZIBTQ
1
231.86428571428573
51.056559773631115
1 AA 1 KAPLAN 1 RB 1 ZIBTQ
70
4
AA
1
246.95357142857137
47.95104298093195
KAPLAN
1
231.48571428571427
41.96762625001829
RB
1
264.33571428571435
51.75659802165818
ZIBTQ
1
229.20499999999998
39.713680757211534
2 GD 2 GDX
70
2
GD
2
241.17857142857142
32.004274905782474
GDX
2
248.8264285714286
37.56910415813635
1 AA 1 KAPLAN 2 ZIBTQ
70
3
AA
1
273.1742857142859
47.13696740264869
KAPLAN
1
203.82071428571427
36.66124379271073
ZIBTQ
2
243.04071428571427
31.66812225798902
1 GD 1 RB 2 ZI
70
3
GD
1
262.4335714285714
49.993606535113614
RB
1
252.36214285714289
55.975527456019485
ZI
2
231.99785714285713
34.21627869232743
1 GDX 2 ZI 1 ZIBTQ
70
3
GDX
1
263.7271428571429
55.64172296661811
ZI
2
239.23857142857145
32.33200583834248
ZIBTQ
1
244.91571428571436
45.510199439919234
1 RB 2 ZI 1 ZIBTQ
70
3
RB
1
283.8078571428572
46.99566137703891
ZI
2
236.7846428571429
33.693594212311005
ZIBTQ
1
224.34214285714293
45.84310482170549
1 AA 1 KAPLAN 2 ZI
70
3
AA
1
280.7021428571428
47.47770712639346
KAPLAN
1
179.32285714285712
39.31215250649445
ZI
2
247.35892857142858
35.20760115669887
3 GDX 1 KAPLAN
70
2
GDX
3
240.2519047619048
29.13104117370241
KAPLAN
1
219.21857142857138
50.138062367418875
2 RB 1 ZIBTQ 1 ZIP
70
3
RB
2
258.2157142857142
40.45514406886537
ZIBTQ
1
230.75357142857143
51.33244332042747
ZIP
1
128.26142857142858
31.67684955861589
1 AA 2 RB 1 ZI
70
3
AA
1
221.1157142857142
39.19761886249974
RB
2
247.90892857142867
33.71206307935375
ZI
1
229.71571428571437
45.41219749838862
2 GD 1 KAPLAN 1 RB
70
3
GD
2
247.6235714285714
34.94434015221162
KAPLAN
1
222.50785714285715
36.31520405296056
RB
1
240.91928571428573
49.21600443297828
1 GD 1 ZIBTQ 2 ZIP
60
3
GD
1
275.6675000000001
46.78267469997128
ZIBTQ
1
239.59499999999994
49.52049045597186
ZIP
2
103.21999999999998
25.660763701612627
1 AA 1 GD 1 ZI 1 ZIBTQ
70
4
AA
1
238.7192857142857
43.103664322899796
GD
1
256.62428571428563
50.439448665034526
ZI
1
242.5121428571429
44.632200448070385
ZIBTQ
1
236.09214285714293
40.005630528459264
1 AA 1 GDX 2 KAPLAN
70
3
AA
1
272.5871428571429
52.29485817780496
GDX
1
275.5678571428571
51.5488741983998
KAPLAN
2
182.93071428571432
25.0776234816977
1 AA 1 GD 2 ZI
60
3
AA
1
238.41833333333318
51.991589838058324
GD
1
266.4483333333334
45.297097926418594
ZI
2
230.9570833333333
35.15394984080341
1 AA 1 RB 1 ZI 1 ZIBTQ
70
4
AA
1
237.76428571428576
46.09366019534662
RB
1
267.4435714285714
49.13435946567372
ZI
1
242.11357142857145
45.95769243976197
ZIBTQ
1
226.8942857142857
49.330886834906664
1 GD 1 GDX 1 KAPLAN 1 ZIP
70
4
GD
1
249.42571428571438
54.428024387952114
GDX
1
249.4507142857142
54.47030809326776
KAPLAN
1
223.9764285714286
50.34431356840086
ZIP
1
132.33357142857145
35.22741598875652
3 RB 1 ZIP
70
2
RB
3
257.5330952380952
32.492087375341136
ZIP
1
110.58928571428571
32.88069982403609
1 AA 1 GD 1 GDX 1 ZIBTQ
70
4
AA
1
209.21714285714285
38.51333524685619
GD
1
255.72357142857135
51.96589796713429
GDX
1
237.83285714285714
42.83551587652661
ZIBTQ
1
231.885
45.73429187788336
1 GD 2 RB 1 ZIP
50
3
GD
1
262.20399999999995
53.62613340527172
RB
2
248.7945
37.359243263883165
ZIP
1
112.53200000000002
32.74134658195963
2 AA 1 GD 1 ZI
70
3
AA
2
216.05142857142863
32.57166820087291
GD
1
258.1221428571429
47.49608753489543
ZI
1
229.70785714285722
46.1008557680985
1 GDX 1 ZI 1 ZIBTQ 1 ZIP
60
4
GDX
1
248.99083333333334
52.59776254086818
ZI
1
243.4316666666667
46.92196089134477
ZIBTQ
1
233.85416666666666
51.38541077944422
ZIP
1
148.6525
41.593449429166924
4 ZI
70
1
ZI
4
249.79428571428573
27.422215941976084
1 AA 2 GD 1 RB
70
3
AA
1
195.59571428571422
45.69126732980912
GD
2
247.2578571428571
32.40872858143785
RB
1
248.31428571428572
56.54824182113202
1 GD 1 GDX 1 RB 1 ZIBTQ
70
4
GD
1
252.89428571428576
49.22408422050063
GDX
1
246.6221428571429
44.254565249340814
RB
1
244.36714285714288
51.11152923175126
ZIBTQ
1
239.16642857142855
49.64866472195873
1 GDX 2 RB 1 ZI
70
3
GDX
1
250.12714285714281
50.33505856168406
RB
2
248.28000000000003
38.6989596113384
ZI
1
242.3514285714286
50.186990325772506
1 GDX 1 RB 2 ZIBTQ
70
3
GDX
1
261.80000000000007
43.2319673389958
RB
1
260.9435714285715
54.41418927437728
ZIBTQ
2
232.80749999999995
32.830129712876335
1 KAPLAN 1 RB 1 ZI 1 ZIP
70
4
KAPLAN
1
214.8171428571428
46.37379870274214
RB
1
271.8864285714285
49.459115093340735
ZI
1
238.25214285714287
51.04706752156308
ZIP
1
162.69357142857146
43.534992429266914
1 GD 3 ZIP
60
2
GD
1
299.5741666666666
64.98674383522807
ZIP
3
65.56194444444444
24.240984026203265
1 AA 1 GDX 1 KAPLAN 1 RB
70
4
AA
1
211.60714285714278
45.36511977099516
GDX
1
246.68928571428572
56.70281102433303
KAPLAN
1
229.57357142857143
40.885099207962035
RB
1
241.5164285714287
46.62907103745823
2 AA 2 ZIP
70
2
AA
2
214.85142857142856
36.069212456676915
ZIP
2
69.82178571428571
22.820890304964536
1 AA 1 RB 2 ZI
70
3
AA
1
240.59357142857147
39.1328934725074
RB
1
278.03928571428577
51.88891217430418
ZI
2
231.08142857142852
36.910875208716874
1 AA 2 GD 1 ZIP
70
3
AA
1
207.16285714285715
41.197129481931384
GD
2
250.38250000000002
36.19990759410068
ZIP
1
108.38357142857137
31.111056511229215
2 AA 2 GDX
70
2
AA
2
181.83214285714288
30.793315062705094
GDX
2
235.81428571428566
32.66331372925151
1 GDX 1 KAPLAN 1 RB 1 ZIP
70
4
GDX
1
256.99000000000007
55.32079084756473
KAPLAN
1
234.2085714285715
52.95623032856705
RB
1
250.67000000000007
55.80408868788841
ZIP
1
129.70000000000005
35.494255068350746
3 AA 1 RB
60
2
AA
3
193.12972222222226
21.453020397652597
RB
1
248.91333333333338
50.46023671059113
1 GD 3 GDX
70
2
GD
1
237.65071428571423
43.04537513971004
GDX
3
248.91999999999996
36.02736477593681
1 KAPLAN 2 RB 1 ZI
70
3
KAPLAN
1
215.98071428571424
41.38384371851372
RB
2
256.74607142857144
31.64215673402514
ZI
1
230.4557142857143
44.233125549958224
1 GD 1 GDX 1 ZI 1 ZIP
70
4
GD
1
249.24857142857144
44.248294536487556
GDX
1
244.23928571428573
45.53036497991294
ZI
1
245.75571428571425
51.008325330883224
ZIP
1
137.45214285714286
43.06231318492697
1 AA 1 ZI 2 ZIP
70
3
AA
1
253.0528571428572
56.21622915500615
ZI
1
252.93857142857132
48.89466094971673
ZIP
2
103.49428571428567
24.389213867224672
1 GD 1 RB 2 ZIP
70
3
GD
1
268.04499999999996
52.93568682170578
RB
1
282.3500000000001
51.699358244151774
ZIP
2
82.46785714285716
24.34621712433589
1 GDX 1 KAPLAN 1 RB 1 ZI
70
4
GDX
1
258.19928571428574
57.10738662058222
KAPLAN
1
210.95785714285722
41.087006666788646
RB
1
259.2528571428571
53.8361375483276
ZI
1
244.80857142857135
52.275017231279925
1 AA 1 GDX 2 ZIBTQ
60
3
AA
1
240.7875
41.53321123410357
GDX
1
271.27916666666664
51.192365390803694
ZIBTQ
2
235.7629166666667
32.66820558396786
2 GDX 1 KAPLAN 1 RB
70
3
GDX
2
255.8482142857142
30.576678006000815
KAPLAN
1
231.56071428571428
49.78569565996782
RB
1
248.16214285714284
52.18999318131117
1 GD 1 GDX 2 ZIP
70
3
GD
1
263.5878571428572
50.59432381750962
GDX
1
254.15142857142877
56.06041127431102
ZIP
2
95.65821428571428
28.96037246992757
2 AA 1 RB 1 ZIP
70
3
AA
2
203.8435714285715
35.867729648000314
RB
1
273.8864285714284
46.96106816245968
ZIP
1
100.5707142857143
32.71951306489877
1 AA 2 RB 1 ZIBTQ
70
3
AA
1
204.74714285714293
39.041234507078975
RB
2
252.99357142857147
35.516891526053755
ZIBTQ
1
228.02000000000004
50.83554184117362
2 GDX 1 RB 1 ZIBTQ
70
3
GDX
2
243.5878571428571
36.187984327589696
RB
1
260.6928571428572
43.01307217057415
ZIBTQ
1
224.6750000000001
43.57405908335829
1 AA 1 GDX 1 KAPLAN 1 ZIBTQ
70
4
AA
1
240.7735714285713
50.29339045003014
GDX
1
267.2257142857143
53.07673538166708
KAPLAN
1
225.76357142857142
45.617666271088524
ZIBTQ
1
226.98071428571427
46.695495571121775
1 GD 1 ZI 2 ZIP
70
3
GD
1
272.18428571428575
54.62583607915707
ZI
1
246.65499999999997
48.376039043843065
ZIP
2
105.43928571428569
22.40355463322911
1 GD 1 GDX 1 RB 1 ZIP
70
4
GD
1
252.56857142857152
48.07327084137042
GDX
1
240.37428571428572
53.24565625667582
RB
1
242.03357142857135
49.12494399955265
ZIP
1
119.27642857142855
46.55928534170828
3 GDX 1 RB
70
2
GDX
3
240.35571428571424
29.680232303153584
RB
1
240.73785714285717
42.879238595747246
2 GD 1 KAPLAN 1 ZIP
70
3
GD
2
248.96214285714282
38.78946624841253
KAPLAN
1
234.9857142857143
44.47644813578879
ZIP
1
144.02142857142852
42.110847407618806
1 RB 1 ZIBTQ 2 ZIP
70
3
RB
1
280.6657142857142
52.85060382332255
ZIBTQ
1
250.21
51.741081080980244
ZIP
2
107.9117857142857
23.742667700056497
1 GD 1 GDX 2 ZIBTQ
70
3
GD
1
248.80785714285713
42.151945926708564
GDX
1
253.5528571428572
50.89106986335357
ZIBTQ
2
239.5192857142857
26.931307515414023
1 GD 2 ZIBTQ 1 ZIP
70
3
GD
1
254.35857142857137
51.73761858194298
ZIBTQ
2
229.32142857142858
29.630840378406624
ZIP
1
156.94428571428568
41.33471175559795
2 KAPLAN 1 ZIBTQ 1 ZIP
70
3
KAPLAN
2
157.85607142857148
22.66878850018956
ZIBTQ
1
230.23071428571436
48.9758127569526
ZIP
1
233.74714285714293
51.3952067565743
1 AA 3 ZI
70
2
AA
1
267.1614285714286
54.69031330489664
ZI
3
241.52095238095245
29.662059792881244
1 GDX 2 RB 1 ZIP
70
3
GDX
1
242.1500000000001
50.38041711390874
RB
2
251.12821428571428
35.204960568035574
ZIP
1
109.34000000000002
36.34078051681648
1 GD 1 KAPLAN 2 ZI
70
3
GD
1
260.7449999999999
46.398582298231
KAPLAN
1
191.2328571428571
34.57439999036683
ZI
2
246.10785714285717
29.457072744824416
2 ZI 2 ZIP
70
2
ZI
2
230.1114285714286
29.840785753524568
ZIP
2
145.16249999999994
30.752518987997433
2 KAPLAN 2 ZI
70
2
KAPLAN
2
119.77499999999998
18.468694555150037
ZI
2
281.0817857142856
37.92992785609231
1 AA 3 GDX
60
2
AA
1
190.1675
38.569785049310305
GDX
3
245.07611111111103
28.802916577927693
3 GD 1 GDX
70
2
GD
3
249.06309523809526
31.93149001699131
GDX
1
245.4542857142857
45.87410236012187
1 AA 1 GD 1 GDX 1 RB
70
4
AA
1
189.02714285714288
46.59400075248367
GD
1
239.8885714285714
42.31191589293271
GDX
1
249.15357142857138
52.72698978256403
RB
1
252.44499999999996
51.60006931750604
3 AA 1 ZIP
70
2
AA
3
196.46880952380957
33.79510682640556
ZIP
1
80.74714285714286
30.93686991937231
1 AA 1 KAPLAN 1 ZI 1 ZIBTQ
60
4
AA
1
268.1275
53.91241000069773
KAPLAN
1
197.37999999999994
34.18010166749069
ZI
1
251.71666666666664
45.69523011820331
ZIBTQ
1
237.27333333333337
42.18781860785041
2 AA 1 GDX 1 RB
70
3
AA
2
185.51392857142855
32.11083779986414
GDX
1
236.9928571428571
49.7471652356151
RB
1
252.2992857142858
55.72634891840224
3 GD 1 RB
60
2
GD
3
248.9044444444445
26.56464666561812
RB
1
246.32833333333332
48.88737427893718
1 KAPLAN 3 ZIP
70
2
KAPLAN
1
329.835
52.38473833774763
ZIP
3
59.01500000000003
20.06573446458351
1 RB 1 ZI 1 ZIBTQ 1 ZIP
70
4
RB
1
261.4571428571429
43.218351992869785
ZI
1
244.26785714285714
48.01216366394955
ZIBTQ
1
220.06071428571434
44.39551931449931
ZIP
1
153.0771428571428
34.91222635380894
2 AA 2 RB
60
2
AA
2
191.60666666666665
31.223436999400878
RB
2
256.3658333333334
34.448502618240006
1 KAPLAN 1 ZIBTQ 2 ZIP
70
3
KAPLAN
1
242.2164285714286
44.09058266911473
ZIBTQ
1
229.265
42.63736904741795
ZIP
2
126.15714285714286
30.776929886934887
1 GD 3 RB
60
2
GD
1
242.245
47.16421639689706
RB
3
251.74611111111102
31.007835086126143
1 GD 1 ZI 1 ZIBTQ 1 ZIP
70
4
GD
1
254.7485714285714
55.32216939465238
ZI
1
231.42
45.31822512600673
ZIBTQ
1
230.77785714285713
56.39612868914363
ZIP
1
156.07071428571425
35.66706613435781
1 AA 2 KAPLAN 1 ZIP
70
3
AA
1
288.84142857142854
50.283880526629275
KAPLAN
2
173.98785714285714
23.018913319445883
ZIP
1
206.27928571428578
51.068937646547326
3 RB 1 ZI
70
2
RB
3
252.22095238095233
31.68928123395538
ZI
1
241.105
47.93903207646742
2 GDX 1 ZI 1 ZIP
70
3
GDX
2
250.2489285714287
40.50870837498011
ZI
1
238.3957142857143
52.33493421010014
ZIP
1
140.97428571428568
36.71512411494084
1 GDX 1 KAPLAN 2 ZI
70
3
GDX
1
274.5071428571428
56.76214991757539
KAPLAN
1
192.41714285714286
33.60117757897597
ZI
2
246.23178571428585
29.642866499568235
1 AA 3 ZIBTQ
70
2
AA
1
240.2564285714286
36.92427281557734
ZIBTQ
3
238.68809523809531
32.68001259724374
2 AA 2 ZIBTQ
70
2
AA
2
230.44749999999993
24.797358064202847
ZIBTQ
2
236.41071428571428
32.384302461506984
1 AA 1 GDX 2 RB
70
3
AA
1
190.29500000000004
36.03292556815226
GDX
1
233.77571428571426
51.30151191231888
RB
2
249.73249999999996
34.03404712038898
1 GDX 1 RB 2 ZI
70
3
GDX
1
261.9742857142857
44.98432881321572
RB
1
266.05642857142846
51.76458036246446
ZI
2
230.9867857142858
31.498635379009613
3 GD 1 ZIBTQ
70
2
GD
3
248.00357142857138
28.805898163239593
ZIBTQ
1
244.40499999999997
50.99906872399031
2 GD 1 GDX 1 ZI
60
3
GD
2
254.52708333333334
33.77431602183908
GDX
1
241.76749999999998
49.04467081566219
ZI
1
238.76500000000004
44.51936030163357
2 KAPLAN 2 ZIP
70
2
KAPLAN
2
207.85750000000002
29.161666481260735
ZIP
2
96.51928571428573
32.15804503081743
1 AA 1 GDX 1 RB 1 ZIP
70
4
AA
1
167.2057142857143
79.82136508786228
GDX
1
219.05571428571432
101.94907956666307
RB
1
216.8771428571429
99.99281641544995
ZIP
1
90.97428571428571
46.89729488304137
3 GD 1 ZIP
70
2
GD
3
243.68190476190478
33.991933069953504
ZIP
1
126.90857142857146
39.04393401891603
1 AA 1 KAPLAN 1 RB 1 ZIP
70
4
AA
1
217.67357142857145
44.51303077384722
KAPLAN
1
236.93214285714285
51.32431617783571
RB
1
260.36
55.833545728096375
ZIP
1
119.34642857142858
32.13420443060254
2 GD 1 GDX 1 ZIP
60
3
GD
2
253.13041666666666
37.89479793115483
GDX
1
242.58249999999998
48.00391201506394
ZIP
1
125.3791666666667
36.961444203911846
1 KAPLAN 2 RB 1 ZIP
70
3
KAPLAN
1
228.15357142857144
41.023778228023325
RB
2
247.7125
35.292357719382494
ZIP
1
118.80428571428575
37.25753494535141
1 GD 1 GDX 1 KAPLAN 1 ZI
60
4
GD
1
250.70416666666674
56.03072170073803
GDX
1
246.0908333333333
59.20458561326892
KAPLAN
1
217.04916666666665
45.860739828734644
ZI
1
235.59583333333333
47.69297405599231
2 GD 1 ZIBTQ 1 ZIP
70
3
GD
2
249.61392857142846
35.75048442122205
ZIBTQ
1
241.22714285714287
49.21610413393616
ZIP
1
130.09071428571423
43.33284410307296
1 GDX 1 KAPLAN 2 ZIBTQ
70
3
GDX
1
273.7842857142856
48.116511528088296
KAPLAN
1
229.55285714285714
47.70805029830191
ZIBTQ
2
238.42642857142872
32.30851443663174
2 AA 1 GDX 1 KAPLAN
70
3
AA
2
214.22500000000008
32.334554714290235
GDX
1
256.3407142857143
48.31915790779437
KAPLAN
1
235.72071428571425
47.73463065506541
2 AA 1 ZI 1 ZIBTQ
70
3
AA
2
240.45857142857142
35.308192312659614
ZI
1
241.33071428571427
46.87362896498349
ZIBTQ
1
221.16071428571422
46.151904381739485
1 GDX 1 RB 1 ZI 1 ZIBTQ
70
4
GDX
1
264.59714285714284
44.63020428693866
RB
1
266.9564285714286
48.83010409385103
ZI
1
242.10071428571428
47.65095748764967
ZIBTQ
1
232.405
50.81202202375789
1 GD 1 RB 1 ZI 1 ZIP
70
4
GD
1
259.7464285714285
50.18244664751423
RB
1
257.9957142857143
49.46195272476551
ZI
1
243.82071428571425
49.21478254466201
ZIP
1
124.01714285714284
33.275667735829224
2 GDX 2 ZIBTQ
60
2
GDX
2
245.85791666666665
30.686087880499226
ZIBTQ
2
242.95083333333332
34.24410015081268
1 GD 1 KAPLAN 1 ZIBTQ 1 ZIP
70
4
GD
1
262.45071428571435
49.45081935826828
KAPLAN
1
220.38500000000002
44.01055502457823
ZIBTQ
1
235.8942857142858
52.896765052895475
ZIP
1
146.77642857142857
40.589481150934176
2 GD 1 RB 1 ZI
70
3
GD
2
249.76249999999996
36.74323498229689
RB
1
251.02428571428572
57.45445695931514
ZI
1
240.41071428571433
46.96613665554086
1 GD 1 GDX 2 ZI
70
3
GD
1
255.6914285714286
51.91435665141785
GDX
1
252.41999999999996
49.85782242680537
ZI
2
243.73500000000007
34.657414791066
2 GD 2 ZIBTQ
70
2
GD
2
254.45464285714286
33.619004057244474
ZIBTQ
2
245.96785714285718
28.24551675641171
2 AA 1 KAPLAN 1 RB
70
3
AA
2
215.56749999999997
34.46931537873318
KAPLAN
1
230.10357142857146
49.4503802269693
RB
1
252.9407142857143
55.646781637689095
1 AA 1 GDX 1 ZI 1 ZIBTQ
70
4
AA
1
234.85
42.1508862811414
GDX
1
263.94071428571414
50.39056905304599
ZI
1
244.01071428571433
41.376779109662415
ZIBTQ
1
224.65285714285713
41.284971224158454
1 AA 1 GD 1 ZIBTQ 1 ZIP
70
4
AA
1
213.12071428571426
46.181436818625
GD
1
254.29571428571424
42.78279255466513
ZIBTQ
1
235.39071428571427
45.55681483665452
ZIP
1
131.44214285714287
36.79200091218809
1 GD 1 ZI 2 ZIBTQ
70
3
GD
1
255.09
49.76376162860452
ZI
1
255.85071428571428
47.02920786433617
ZIBTQ
2
225.92107142857142
33.443264759598634
1 KAPLAN 2 ZI 1 ZIP
70
3
KAPLAN
1
189.195
42.311985088658474
ZI
2
233.27142857142857
41.55153927132334
ZIP
1
220.20357142857145
55.32217736743078
1 GD 2 GDX 1 ZI
70
3
GD
1
257.895
48.24536554352729
GDX
2
249.35107142857143
34.4541785346117
ZI
1
250.34142857142848
50.74139545031155
3 KAPLAN 1 ZI
70
2
KAPLAN
3
59.95642857142858
10.134465545524538
ZI
1
317.09499999999997
51.86888494078121
1 KAPLAN 1 RB 2 ZIP
60
3
KAPLAN
1
254.48166666666677
46.95602815992379
RB
1
279.49333333333317
53.37455969113209
ZIP
2
97.15500000000002
26.791309536240792
2 GD 2 RB
70
2
GD
2
250.82357142857146
37.342252707153314
RB
2
244.925
33.95163392870174
2 AA 1 GDX 1 ZIP
70
3
AA
2
191.20535714285714
33.25381017182658
GDX
1
260.7264285714286
53.00642260372698
ZIP
1
99.61642857142856
34.8622695366337
1 GD 2 KAPLAN 1 RB
70
3
GD
1
254.7978571428571
48.035812857041726
KAPLAN
2
189.34357142857138
24.85475079828599
RB
1
266.89285714285717
53.77323038578256
3 KAPLAN 1 ZIP
70
2
KAPLAN
3
91.91880952380954
14.90582977499673
ZIP
1
162.815
59.27704286411632
1 AA 2 GDX 1 KAPLAN
60
3
AA
1
206.50916666666666
43.2109144118191
GDX
2
250.82083333333327
32.885112882664025
KAPLAN
1
223.92166666666668
42.618067732151154
1 GD 2 ZI 1 ZIBTQ
70
3
GD
1
260.44357142857143
49.9902039842583
ZI
2
240.82285714285717
32.69032041720594
ZIBTQ
1
232.74071428571426
45.64722749588659
2 AA 1 KAPLAN 1 ZIBTQ
70
3
AA
2
249.88785714285726
34.59403972787621
KAPLAN
1
204.04071428571433
38.94371331335332
ZIBTQ
1
237.69000000000005
46.9251041554518
1 AA 2 GDX 1 RB
70
3
AA
1
185.035
41.335376884006486
GDX
2
239.1585714285714
35.99341008278814
RB
1
242.2521428571428
51.04420873525382
1 AA 1 GD 1 KAPLAN 1 RB
70
4
AA
1
209.24571428571426
41.232827371661344
GD
1
257.47214285714284
43.07789509026831
KAPLAN
1
219.66071428571425
41.844072343715816
RB
1
252.18714285714285
54.901421843228825
2 RB 1 ZI 1 ZIP
60
3
RB
2
248.02333333333337
39.80178018073507
ZI
1
243.51500000000007
51.17292521441392
ZIP
1
128.67500000000004
31.81129581872871
2 GDX 1 RB 1 ZIP
70
3
GDX
2
253.50821428571436
36.54862874148157
RB
1
260.6707142857142
47.92514214365771
ZIP
1
116.29071428571426
37.5607643814442
1 GD 1 KAPLAN 1 RB 1 ZIBTQ
60
4
GD
1
259.20833333333337
48.76838641875379
KAPLAN
1
209.58333333333334
42.23194946430434
RB
1
254.11583333333337
44.47105471696044
ZIBTQ
1
238.6283333333333
45.674008260229975
1 AA 2 KAPLAN 1 RB
70
3
AA
1
267.3078571428571
51.10950473228627
KAPLAN
2
172.3257142857143
27.793702065212468
RB
1
262.62571428571425
48.7854103943683
2 GD 2 KAPLAN
50
2
GD
2
250.69549999999992
33.61947415189596
KAPLAN
2
155.51000000000002
44.346793570674315
2 AA 1 KAPLAN 1 ZIP
70
3
AA
2
232.50785714285715
38.24847978838439
KAPLAN
1
227.13285714285712
47.25404584773236
ZIP
1
117.6971428571429
35.94998001759258
1 AA 1 ZIBTQ 2 ZIP
70
3
AA
1
234.08714285714288
40.74162638393518
ZIBTQ
1
253.48071428571424
45.12729320873277
ZIP
2
101.54892857142858
26.601436542938046
1 AA 1 GDX 1 RB 1 ZIBTQ
70
4
AA
1
210.0521428571429
39.45732725337072
GDX
1
244.64428571428576
51.36304921331868
RB
1
263.3957142857143
49.20536392280327
ZIBTQ
1
229.10428571428574
53.15775695502771
1 GD 1 GDX 1 ZI 1 ZIBTQ
70
4
GD
1
258.16357142857146
46.57223952514798
GDX
1
252.12500000000006
48.178202503088166
ZI
1
246.93928571428566
48.69774334230132
ZIBTQ
1
242.12428571428572
47.672141267843465
3 KAPLAN 1 ZIBTQ
60
2
KAPLAN
3
72.115
11.744350690785259
ZIBTQ
1
257.01999999999987
39.840168381504945
1 GDX 2 KAPLAN 1 ZIBTQ
70
3
GDX
1
288.6421428571429
50.45464486313729
KAPLAN
2
173.90535714285713
27.18689248676161
ZIBTQ
1
236.6185714285714
45.44945007637494
1 KAPLAN 1 RB 1 ZI 1 ZIBTQ
70
4
KAPLAN
1
196.46928571428575
37.35479247591087
RB
1
283.7449999999999
50.354665800272606
ZI
1
246.35642857142852
42.932085837841086
ZIBTQ
1
221.07999999999993
47.721001216894614
2 GDX 2 KAPLAN
70
2
GDX
2
255.45964285714285
37.109105133390386
KAPLAN
2
176.07642857142864
52.27954682106882
2 GDX 1 ZI 1 ZIBTQ
70
3
GDX
2
252.39107142857148
36.042237631630165
ZI
1
247.99214285714282
43.0056770635445
ZIBTQ
1
238.3178571428572
45.35983358160632
4 GD
70
1
GD
4
246.04642857142858
23.804660515220505
1 GDX 1 ZI 2 ZIBTQ
70
3
GDX
1
266.33428571428567
49.80667736563121
ZI
1
245.02785714285716
48.748885434668644
ZIBTQ
2
232.3107142857142
37.0373408514561
1 AA 2 GD 1 KAPLAN
70
3
AA
1
215.72214285714284
40.97278507542213
GD
2
252.2375
38.148309911543166
KAPLAN
1
212.4235714285714
42.12531705809343
1 AA 1 GD 1 KAPLAN 1 ZIP
70
4
AA
1
224.3478571428571
40.85689086460752
GD
1
255.0592857142857
39.62508340942744
KAPLAN
1
236.8207142857142
42.876384186616846
ZIP
1
120.95571428571428
36.99320067145268
2 AA 1 ZIBTQ 1 ZIP
70
3
AA
2
217.82785714285714
32.81836472564265
ZIBTQ
1
232.19071428571422
45.01759679190314
ZIP
1
138.89785714285713
41.12949188296666
2 GD 1 KAPLAN 1 ZIBTQ
70
3
GD
2
250.96571428571426
37.3078051416831
KAPLAN
1
225.08428571428578
44.35382053350497
ZIBTQ
1
239.72714285714284
52.416900004888205
2 GD 1 GDX 1 ZIBTQ
70
3
GD
2
250.28214285714284
37.7471993149485
GDX
1
239.2928571428571
48.5321574435183
ZIBTQ
1
247.2021428571429
51.728625976418165
1 ZI 2 ZIBTQ 1 ZIP
60
3
ZI
1
240.43499999999997
40.151658641538916
ZIBTQ
2
232.85916666666668
26.605004998537826
ZIP
1
200.965
45.921304333246745
1 KAPLAN 3 ZI
60
2
KAPLAN
1
176.89999999999995
35.875060975557936
ZI
3
255.50000000000003
28.69800047880482
4 GDX
70
1
GDX
4
247.43821428571422
30.023794870375184
2 AA 1 RB 1 ZIBTQ
70
3
AA
2
208.8092857142857
32.11655368993328
RB
1
257.6007142857143
47.61386164677643
ZIBTQ
1
221.74571428571426
47.56774623242785
1 GDX 2 KAPLAN 1 ZI
70
3
GDX
1
294.0164285714287
43.58198163185312
KAPLAN
2
150.44464285714287
24.653517893300865
ZI
1
272.24928571428575
56.87107442833003
1 GD 1 RB 1 ZI 1 ZIBTQ
70
4
GD
1
254.3435714285714
41.76178470485538
RB
1
258.32785714285717
54.44112917095092
ZI
1
226.5064285714286
45.4174643261414
ZIBTQ
1
227.9928571428571
42.806127136289305
1 GD 1 KAPLAN 1 RB 1 ZI
70
4
GD
1
264.4857142857144
52.729093448668046
KAPLAN
1
219.89000000000007
47.017055112252315
RB
1
264.81000000000006
54.006017918640985
ZI
1
230.48857142857142
46.2375142771604
1 RB 3 ZIP
70
2
RB
1
324.8735714285714
62.62389475581789
ZIP
3
64.09285714285714
18.595795004159804
1 GD 2 GDX 1 ZIP
70
3
GD
1
248.4192857142858
48.90171432348268
GDX
2
241.04107142857143
43.270754317543194
ZIP
1
129.88571428571427
45.5868371845404
1 GD 1 GDX 1 KAPLAN 1 ZIBTQ
70
4
GD
1
255.062857142857
51.40770556868623
GDX
1
252.18357142857153
49.78025836573354
KAPLAN
1
236.12000000000003
41.626369046555105
ZIBTQ
1
242.9557142857144
42.443255852336996
1 GD 2 GDX 1 ZIBTQ
70
3
GD
1
254.04642857142858
44.7591397860566
GDX
2
238.40785714285713
35.967963310338796
ZIBTQ
1
243.63428571428562
48.773980580147985
1 ZI 1 ZIBTQ 2 ZIP
70
3
ZI
1
249.18928571428583
47.130705712076576
ZIBTQ
1
234.925
53.374611239802014
ZIP
2
133.6539285714286
29.116804069285894
2 KAPLAN 1 RB 1 ZI
50
3
KAPLAN
2
142.276
24.375864579538508
RB
1
276.203
44.052429456274034
ZI
1
251.06500000000003
45.256674922048795
1 AA 1 GD 2 KAPLAN
70
3
AA
1
270.83714285714285
50.91288335811216
GD
1
276.685
50.8550126409805
KAPLAN
2
178.30892857142854
24.78071508095497
2 KAPLAN 1 RB 1 ZIP
70
3
KAPLAN
2
187.11249999999995
23.320543039958817
RB
1
267.0157142857144
52.00787134302511
ZIP
1
179.04714285714283
43.59336113095522
1 GDX 1 RB 1 ZIBTQ 1 ZIP
70
4
GDX
1
247.98285714285723
51.91213241465557
RB
1
258.0357142857142
48.75366663343466
ZIBTQ
1
238.39357142857148
43.885680158329365
ZIP
1
125.83571428571426
39.716508930577625
1 AA 1 GD 1 GDX 1 KAPLAN
70
4
AA
1
211.74428571428572
38.72486054835828
GD
1
252.0814285714285
42.16811352146529
GDX
1
240.13428571428568
58.23850318355739
KAPLAN
1
226.4107142857143
50.12685492012913
1 GD 1 KAPLAN 2 ZIBTQ
70
3
GD
1
267.8992857142857
47.26203436530149
KAPLAN
1
208.94142857142853
44.18575075052765
ZIBTQ
2
240.54892857142855
33.00731018483261
1 AA 1 RB 1 ZIBTQ 1 ZIP
60
4
AA
1
208.015
47.49163022751133
RB
1
264.79583333333335
54.58205237046535
ZIBTQ
1
240.4741666666666
46.335121211008925
ZIP
1
132.49666666666664
44.490079293653274
1 GD 2 KAPLAN 1 ZIP
70
3
GD
1
263.76642857142843
56.61166444762608
KAPLAN
2
192.33392857142854
35.936888885664715
ZIP
1
169.74571428571434
51.8426959608564
2 GDX 2 RB
70
2
GDX
2
250.69928571428568
36.868272260709425
RB
2
249.2346428571428
32.4242543952322
