strategies = {
  0 'GD'
  1 'GDX'
  2 'Kap'
  3 'ZI'
  4 'ZIP'
  5 'ZIbtq'
  6 'RB'
  8 'L01'
 16 'L09'
 17 'L10'
 18 'L11'
 19 'L12'
 20 'L13'
}


pm = [
 6  8 18 19    239.96   219.97   249.65   245.61 
 0  5  6  8    257.01   223.19   249.75   233.38 
 3  4  6 18    224.32   238.48   250.87   263.81 
 5  6  8 20    220.67   245.43   228.92   254.00 
 1  3  6 18    254.02   230.52   249.24   256.19 
 1  3  6  8    263.40   226.60   250.45   231.38 
 2  2  6 18    197.17   197.17   242.07   259.82 
 1  6 19 19    252.51   240.10   254.07   254.07 
 5  6 16 16    230.81   252.22   257.53   257.53 
 6 16 16 19    237.90   244.99   244.99   244.63 
 3  6 19 20    229.54   247.37   249.05   247.35 
 5  6 16 20    226.54   247.50   254.24   251.87 
 2  5  6 20    236.71   220.10   247.78   262.67 
 6 16 19 19    235.88   244.00   246.92   246.92 
 2  6 18 19    233.07   240.98   247.13   248.23 
 0  2  4  6    251.24   238.59   245.39   243.32 
 3  6 20 20    229.73   247.03   248.73   248.73 
 6  6 17 20    243.32   243.32   238.63   242.17 
 0  4  6  8    253.37   235.40   253.10   228.22 
 2  6 17 20    233.13   242.43   246.18   248.60 
 4  6  6  8    241.99   248.21   248.21   225.68 
 2  4  5  6    226.46   245.73   221.54   257.54 
 5  6 17 17    230.54   253.23   257.12   257.12 
 5  6  6  6    231.62   252.80   252.80   252.80 
 1  3  6 17    255.23   232.56   251.45   257.32 
 0  0  6 17    253.03   253.03   240.88   249.68 
 0  1  6 19    249.83   250.84   239.23   248.76 
 2  3  4  6    228.86   226.62   243.49   254.66 
 2  2  6 17    199.66   199.66   246.41   263.06 
 4  6  6 17    245.48   248.01   248.01   252.86 
 3  6  8  8    222.22   247.95   246.09   246.09 
 2  4  6 19    235.13   239.68   241.96   250.63 
 6 18 19 20    235.93   248.17   249.29   245.10 
 1  6  8  8    257.02   243.83   227.59   227.59 
 5  6 17 19    225.97   249.12   254.92   252.34 
 6 16 17 20    237.98   246.38   248.61   243.98 
 5  5  6  6    231.38   231.38   259.94   259.94 
 6  8 18 18    240.64   218.85   246.66   246.66 
 2  6  8 19    234.74   239.42   224.39   256.71 
 1  4  6 16    250.03   241.80   251.72   248.04 
 6 19 20 20    236.31   249.21   246.09   246.09 
 1  5  6  6    263.47   226.93   251.67   251.67 
 0  6  6 20    243.58   243.33   243.33   247.43 
 6 17 18 19    238.88   247.90   248.20   242.99 
 0  6 17 18    251.33   239.14   254.00   247.92 
 0  6  6 16    249.23   247.69   247.69   247.01 
 6  8  8 18    241.43   229.30   229.30   251.85 
 1  6 18 20    252.67   240.93   255.54   250.30 
 2  3  6 17    230.36   227.55   245.21   260.41 
 0  4  4  6    251.74   241.08   241.08   250.21 
 4  6  6 16    246.84   246.82   246.82   253.40 
 2  6  6  6    230.06   247.21   247.21   247.21 
 0  0  1  6    250.52   250.52   254.71   244.60 
 6 18 18 20    235.60   248.03   248.03   244.18 
 0  4  6  6    252.85   244.79   247.66   247.66 
 4  4  6 20    239.53   239.53   247.79   250.93 
 4  6  8 20    234.31   252.17   228.48   251.98 
 6  6  8 20    243.58   243.58   225.71   251.85 
 0  6  8 20    248.81   238.90   218.19   248.05 
 0  1  6 16    253.57   254.35   243.47   248.13 
 0  5  6 18    258.67   227.37   252.56   258.53 
 2  6 18 20    233.01   242.27   245.92   247.67 
 3  3  6  6    237.02   237.02   254.75   254.75 
 3  3  3  6    235.17   235.17   235.17   263.50 
 1  5  6 18    258.79   227.93   250.47   257.25 
 6 17 19 19    238.58   248.19   245.57   245.57 
 1  5  5  6    275.97   226.87   226.87   255.52 
 1  6  8 20    250.59   239.03   218.86   248.04 
 5  6 19 19    227.30   248.46   252.76   252.76 
 1  1  6 19    252.47   252.47   240.39   248.34 
 1  5  6  8    263.32   224.29   247.84   229.09 
 0  2  6 17    253.25   237.57   246.01   254.55 
 3  5  6 20    227.42   217.81   248.83   268.09 
 6  6  8 19    243.82   243.82   226.71   252.99 
 0  6 18 20    253.24   241.65   254.78   250.43 
 6  6 17 18    243.16   243.16   238.00   242.17 
 4  6 16 17    242.62   250.40   242.73   244.07 
 2  3  6 18    226.14   222.89   240.50   259.59 
 0  3  6 19    250.30   228.41   248.05   253.57 
 6  8 17 17    242.86   221.20   247.75   247.75 
 4  6  6  6    247.40   250.29   250.29   250.29 
 0  0  6 19    247.91   247.91   238.68   248.44 
 5  6 18 20    227.75   248.73   255.59   250.71 
 1  1  6  6    250.25   250.25   244.50   244.50 
 5  6  6 19    222.90   242.68   242.68   255.95 
 6 17 18 20    238.54   247.64   248.26   243.42 
 2  2  6 20    197.41   197.41   243.49   259.42 
 2  6 20 20    233.02   242.15   247.43   247.43 
 0  3  6 16    255.69   233.01   252.46   253.53 
 4  4  6 18    240.14   240.14   247.44   249.81 
 6 17 17 20    238.13   248.75   248.75   243.43 
 6  6  8 18    244.13   244.13   227.59   251.82 
 0  6 16 16    254.50   243.10   250.07   250.07 
 5  6  8  8    221.66   247.13   237.90   237.90 
 6  6  6  8    245.81   245.81   245.81   223.22 
 2  4  6  6    230.75   247.48   247.22   247.22 
 1  3  6 20    252.75   227.73   250.01   256.35 
 6  8 16 16    243.79   222.92   246.39   246.39 
 1  2  6 20    249.59   233.68   242.35   252.39 
 6  6 17 17    247.23   247.23   242.63   242.63 
 6  8 19 20    240.29   218.27   249.02   244.01 
 6  6 18 18    244.49   244.49   241.78   241.78 
 0  6 16 20    250.79   239.83   249.04   251.12 
 3  6 16 16    231.69   251.62   250.06   250.06 
 0  1  6 20    250.11   250.93   239.70   248.22 
 1  3  3  6    277.43   226.41   226.41   257.05 
 3  6  8 17    228.33   248.08   239.11   256.45 
 6  8 17 20    237.90   216.25   245.36   245.68 
 3  6 17 18    230.56   249.14   249.01   247.97 
 6 16 18 18    236.06   242.94   247.52   247.52 
 4  6 19 20    238.93   247.36   241.97   242.04 
 0  3  6 18    251.67   229.31   247.60   254.36 
 1  6 17 17    253.95   241.86   253.84   253.84 
 0  3  3  6    271.43   229.73   229.73   254.19 
 4  6 16 20    237.31   246.47   237.80   241.20 
 3  4  5  6    235.57   247.33   228.32   259.87 
 0  3  4  6    264.26   227.13   241.52   252.19 
 6 16 16 20    238.11   245.30   245.30   244.29 
 3  6 19 19    228.93   247.69   249.03   249.03 
 6 16 19 20    237.84   244.14   248.28   244.88 
 2  3  6 20    225.57   221.80   240.17   258.26 
 6  8 16 17    244.01   221.82   249.00   246.13 
 0  5  6  6    259.28   228.55   247.66   247.66 
 2  4  6 17    237.97   244.54   243.61   251.31 
 6 17 20 20    237.70   248.29   244.39   244.39 
 1  6  8 16    254.30   241.88   221.59   248.34 
 6 17 18 18    239.25   249.10   245.08   245.08 
 1  6  6 19    247.95   245.36   245.36   249.34 
 0  3  6  6    262.39   231.94   247.66   247.66 
 1  6 19 20    252.20   240.94   255.96   251.39 
 4  6 17 17    241.43   251.81   243.28   243.28 
 3  6  6 19    228.59   245.80   245.80   264.11 
 6  6  6 16    247.10   247.10   247.10   252.88 
 2  5  6 17    238.89   224.70   249.10   264.47 
 2  6 16 16    234.96   245.07   248.87   248.87 
 6  6 16 20    242.73   242.73   236.79   241.69 
 2  6 16 20    229.61   238.05   240.95   248.10 
 2  6  8 20    234.58   238.80   224.62   255.08 
 5  5  6 20    221.26   221.26   254.49   272.28 
 0  6 17 17    253.92   241.50   253.27   253.27 
 0  2  6 19    250.38   235.33   243.84   253.54 
 6 19 19 20    236.41   248.89   248.89   243.63 
 3  6  6  6    232.56   254.30   254.30   254.30 
 4  5  6 18    236.96   221.46   244.48   258.59 
 5  5  6 19    221.48   221.48   253.67   272.11 
 5  6  6 20    223.06   242.33   242.33   257.94 
 0  1  6 18    251.99   251.94   239.80   249.03 
 6  6 20 20    243.87   243.87   241.84   241.84 
 1  3  5  6    278.61   226.37   225.28   253.25 
 1  2  2  6    259.76   210.36   210.36   243.92 
 5  6 16 18    225.57   248.02   253.98   252.32 
 1  4  6 20    248.01   238.87   251.16   250.23 
 0  3 20 20    251.22   230.20   256.25   256.25 
 0  4 16 20    252.16   239.03   250.33   251.09 
 1  6 20 20    253.27   239.83   253.17   253.17 
 1  1  3 20    254.20   254.20   232.18   256.61 
 1  1  6 20    252.95   252.95   238.92   248.52 
 4 18 19 20    234.95   249.25   249.27   245.00 
 6  8  8 16    243.62   230.87   230.87   251.56 
16 18 19 20    242.71   244.10   241.01   243.09 
 3 20 20 20    228.81   250.71   250.71   250.71 
18 19 20 20    245.13   246.79   245.03   245.03 
 5  6  6 18    224.44   242.55   242.55   258.80 
 4  6  6 18    242.73   245.93   245.93   250.95 
 1  3  4  8    264.43   230.55   246.20   231.83 
 8  8 19 20    225.33   225.33   245.04   248.63 
 2  5 18 20    235.54   226.83   249.21   251.70 
 2  5  8 20    220.99   221.38   244.22   260.73 
 2  3  4 20    225.88   224.38   237.46   259.31 
 8 19 19 20    212.02   249.65   249.65   253.68 
 5  6 19 20    226.06   249.32   255.36   249.90 
 2  4  6 18    235.66   240.49   240.82   250.13 
 3 16 19 20    231.82   251.18   251.06   253.67 
 2  2  6  6    191.32   191.32   245.01   245.01 
19 20 20 20    245.66   245.11   245.11   245.11 
 8 16 18 20    213.43   245.25   244.77   251.17 
 1  4 18 20    253.20   239.22   255.50   250.72 
 6  6  6 20    244.35   244.35   244.35   250.69 
 3 17 19 20    229.89   252.28   249.42   252.22 
 1 19 19 20    243.83   244.13   244.13   244.99 
 4  8 17 20    236.25   216.66   245.32   245.61 
 0  5  6 17    259.63   228.85   252.50   258.79 
 0 17 20 20    245.75   248.61   247.93   247.93 
 0  2  6  8    255.51   235.42   240.71   225.22 
 4 19 20 20    235.29   250.35   246.40   246.40 
 4  5  5 20    248.49   227.27   227.27   272.24 
 0  2 20 20    245.24   219.95   251.73   251.73 
 1  6 16 16    255.55   241.24   250.41   250.41 
 3  4 19 20    232.02   245.17   249.95   248.61 
 2  4 16 20    229.68   236.87   241.82   248.83 
 0  5  5  6    273.94   226.31   226.31   258.02 
 1 18 19 20    245.22   245.82   242.37   244.31 
 3  6 18 18    227.79   248.20   248.64   248.64 
 4  5  6 20    237.27   221.10   242.42   257.99 
 3  8  8 20    227.33   238.11   238.11   257.16 
 1  2 18 20    249.49   222.59   251.22   251.54 
 3  6  8 18    225.54   247.26   238.00   254.19 
 5 17 20 20    226.30   244.07   248.85   248.85 
 6  8 17 19    237.23   216.11   245.32   245.46 
 3  8 20 20    230.74   232.48   248.29   248.29 
 2  5  5 20    227.96   228.76   228.76   273.92 
 1  2  6  8    258.25   240.43   243.07   220.24 
 4  4  6 19    238.57   238.57   248.14   251.22 
 3  3  6 18    226.36   226.36   252.99   268.85 
 1  1  5 20    253.03   253.03   228.29   254.87 
 2  2  3  6    183.78   183.78   242.29   249.49 
 3  4  5 20    232.65   243.25   223.30   269.17 
 0  1  1 20    241.52   241.82   241.82   249.47 
 0  0  8 20    247.99   247.99   216.88   252.57 
 3  6  8 16    226.76   249.04   239.19   255.45 
 0  3  6  8    255.95   225.80   248.51   238.53 
 5  5  6 16    227.54   227.54   257.52   271.78 
 2  5 16 20    233.92   225.31   246.70   250.83 
 2  6  8  8    223.23   241.30   238.54   238.54 
 8 17 19 20    214.07   248.43   243.39   249.52 
 4  8 19 20    239.35   219.62   249.38   244.84 
 3  6  8 20    227.27   244.94   237.56   255.26 
 1 17 20 20    246.02   248.23   246.38   246.38 
 3 16 18 20    231.80   251.16   250.36   253.65 
 1  3  6 19    253.06   229.95   248.42   256.31 
 0  8 19 20    246.91   213.98   246.01   251.91 
 2  6 16 19    229.71   236.96   240.20   248.90 
 2  2  4 20    197.60   197.60   242.58   259.39 
 4 17 20 20    237.01   248.65   245.19   245.19 
 0  0  6  8    249.94   249.94   241.78   220.30 
 6 16 18 20    234.53   242.96   247.66   245.11 
 4  4  8 20    243.51   243.51   228.70   252.40 
 8 16 19 20    213.70   245.58   245.71   251.85 
 6 18 20 20    236.71   248.73   246.71   246.71 
 2  4  6 20    235.58   240.48   241.16   250.98 
 1  5  6 20    258.08   227.22   248.35   257.25 
 1  2  6 16    253.08   236.57   244.47   252.16 
 0  1  2  6    246.08   252.33   243.62   241.51 
 6  8 16 20    243.51   221.45   248.01   243.90 
 2  5  6 18    237.81   221.74   249.02   262.73 
 3  6 16 18    227.52   246.01   245.77   249.41 
 0  2  8 20    251.73   221.17   221.92   255.50 
 2  3  8 20    217.47   228.48   250.09   259.74 
 0  5  6 20    256.81   228.64   248.70   258.58 
 0  0  3 20    250.16   250.16   230.25   256.83 
19 19 20 20    246.05   246.05   244.70   244.70 
 0  2  6  6    249.38   238.72   244.73   244.73 
 0  4  6 20    244.02   237.38   248.20   248.96 
 0  4  8 20    248.85   237.86   218.28   249.45 
 0  1  2 20    250.87   253.81   224.60   253.21 
 0  6  6 18    243.16   243.10   243.10   249.58 
 0  6 17 20    249.72   238.14   251.47   248.25 
 2  2  5 20    181.25   181.25   223.50   283.60 
 4  5 19 20    246.12   229.78   255.42   250.96 
 6  6 18 20    243.84   243.84   240.80   240.54 
 0 17 19 20    245.67   248.62   246.87   249.14 
 1  6  6  6    248.82   245.98   245.98   245.98 
 4 16 17 20    237.77   247.50   249.89   244.09 
 6 17 19 20    237.18   248.24   246.61   242.67 
 0  1 16 20    239.26   241.09   240.95   248.71 
 1  4  6 18    247.92   238.91   251.30   251.08 
 2  6 17 19    232.70   241.30   246.80   249.09 
 0  1 19 20    247.14   248.71   245.30   247.03 
 8 16 17 20    214.51   246.11   245.73   252.79 
 1  6  6 16    250.08   247.66   247.66   245.32 
 0  6  6  6    251.84   246.18   246.18   246.18 
 3 16 20 20    231.98   251.30   251.99   251.99 
 1  4  6 17    249.03   241.37   252.56   251.92 
 5  6 20 20    227.80   248.14   252.74   252.74 
 1 17 18 20    245.42   247.71   244.46   247.86 
17 19 20 20    243.48   246.57   244.81   244.81 
 1  4  4  6    250.58   240.84   240.84   250.05 
 0  1  3  6    252.14   256.82   228.55   249.79 
 4 16 18 20    233.99   243.31   248.16   245.60 
16 19 20 20    242.20   244.13   242.26   242.26 
 8  8 20 20    225.29   225.29   246.72   246.72 
 5 16 16 20    226.15   244.95   244.95   250.69 
 2  2 16 20    177.67   177.67   257.99   258.63 
 2  2  5  6    189.82   189.82   223.84   254.71 
16 18 20 20    242.64   244.14   241.86   241.86 
 4 18 20 20    235.00   249.45   246.71   246.71 
 8 18 18 20    212.90   249.04   249.04   253.82 
 1  8  8 20    246.80   223.90   223.90   255.56 
 0  1  5  6    252.76   259.27   222.10   253.67 
 0  6 19 19    252.78   240.75   252.47   252.47 
 1  4  6 19    247.25   240.52   249.33   251.65 
 6  6  6  6    248.08   248.08   248.08   248.08 
 0  4  4 20    244.85   242.95   242.95   249.83 
 2  3  6  8    222.53   225.35   245.42   254.05 
 4  5  8 20    242.32   223.85   229.71   254.74 
 5  5  5 20    233.01   233.01   233.01   282.40 
 2  2 17 20    177.97   177.97   259.60   259.89 
 2  3 17 20    223.50   228.43   257.92   256.78 
 6  8 19 19    239.81   219.15   246.33   246.33 
 0  6  8 17    252.10   241.54   221.18   252.45 
 3  5  6 18    227.38   219.14   248.41   268.28 
 1 16 19 20    247.48   245.05   246.46   248.64 
 1  8 20 20    248.25   214.80   249.78   249.78 
 1  4  5  6    263.98   243.85   225.58   252.67 
 3  3  6 20    226.09   226.09   253.70   268.79 
 3 19 20 20    228.98   251.84   250.14   250.14 
17 17 19 20    243.41   243.41   243.66   245.76 
 3  6  6 17    229.58   250.22   250.22   265.50 
 1  2  6  6    253.32   245.90   242.14   242.14 
 1  3 17 20    253.03   231.26   254.55   258.63 
 6  6 19 20    243.82   243.82   239.98   242.38 
 0  1  4 20    251.43   250.97   238.31   248.84 
 2  5 19 20    235.94   226.89   248.96   251.34 
 2 18 19 20    219.46   248.14   251.70   250.70 
 4  4  5 20    240.05   240.05   225.53   258.83 
 8 16 16 20    213.04   242.73   242.73   251.35 
 5 18 20 20    226.68   245.61   250.45   250.45 
 4  6 17 20    237.26   246.87   239.62   241.74 
 1  5 16 20    249.75   228.22   254.40   255.98 
 6  6 19 19    244.30   244.30   242.00   242.00 
 2  4  6 16    239.76   246.10   244.98   251.68 
 3  4  8 20    228.90   243.35   238.15   255.23 
 0  2  6 20    250.67   235.20   243.03   252.92 
 5  8 18 20    226.06   227.43   248.46   251.52 
 1  4 19 20    253.46   239.25   256.09   251.36 
 1 17 19 20    245.93   248.25   245.43   247.73 
 2  6  6 17    237.48   244.38   244.38   252.00 
 0  6 19 20    252.11   240.32   254.47   249.10 
16 20 20 20    242.20   242.77   242.77   242.77 
 4  6 16 18    238.19   246.33   238.24   241.49 
 0  3 18 20    252.22   231.17   255.24   257.94 
 0  4  5  6    259.38   242.97   226.21   248.44 
 1  3  3 20    258.90   233.62   233.62   261.63 
 0  3  6 20    251.68   229.79   247.11   254.43 
 1  1  4 20    252.87   252.87   238.88   248.79 
 1 18 18 20    239.84   241.11   241.11   245.87 
 2  4  8 20    234.65   238.74   224.61   256.33 
 4  5 16 20    245.35   228.83   254.78   253.75 
 3  3  3  4    243.21   243.21   243.21   255.30 
 6 16 17 17    239.69   247.59   248.70   248.70 
 3  5  6  8    230.82   224.19   253.29   255.68 
 5 16 20 20    223.90   238.68   252.42   252.42 
 1  6  6 20    246.69   245.35   245.35   250.99 
 3  3  5 20    232.98   232.98   226.18   281.40 
 1  1  1 20    237.06   237.06   237.06   252.85 
 2  6  8 17    235.88   240.73   224.90   256.34 
 0  5 16 20    248.81   228.55   253.64   253.88 
 8 18 19 20    213.16   250.90   247.51   252.43 
 0  0  6 18    249.81   249.81   239.11   248.49 
 3  8 16 20    231.08   233.42   248.35   248.82 
 3  5  6 19    225.84   216.99   249.95   268.76 
 6  6  6 19    244.20   244.20   244.20   251.15 
 5 18 18 20    226.26   248.40   248.40   249.81 
 1  1  1  6    248.00   248.00   248.00   245.78 
 6 16 20 20    236.46   245.05   246.85   246.85 
 0  4  6 18    243.84   237.39   247.29   250.33 
 0  1  1  6    248.24   250.46   250.46   242.60 
 5  8 20 20    227.55   228.35   250.53   250.53 
 0  0  6  6    247.42   247.42   246.69   246.69 
 1 19 20 20    243.90   245.24   243.82   243.82 
 3  6 16 20    226.45   245.50   245.19   250.18 
 1  3  8 20    254.60   230.57   232.93   252.01 
 6  6 17 19    242.75   242.75   237.75   241.83 
 4  4 19 20    243.25   243.25   242.01   242.37 
 0  1 20 20    247.29   248.61   246.01   246.01 
 0 16 16 20    233.96   234.48   234.48   253.84 
 1  8 18 20    248.37   215.23   247.78   253.13 
 0  6  8 19    248.73   238.50   218.01   249.47 
 6  6 16 18    243.89   243.89   239.09   239.83 
 1  4  6  6    249.52   242.16   249.46   249.46 
 4  6 20 20    238.55   248.00   241.88   241.88 
 4  4 16 20    241.92   241.92   238.86   241.88 
 6 18 18 19    236.42   248.58   248.58   244.85 
 3  3  6  8    227.98   227.98   253.51   260.24 
 4  5  6  8    241.97   223.77   251.34   242.16 
 5  6  6 17    226.83   247.73   247.73   258.21 
 5  5 18 20    229.97   229.97   262.04   264.34 
 0  0  1 20    239.90   239.90   240.91   249.74 
 2  6 17 18    233.92   242.87   247.04   249.51 
 0  6 20 20    253.08   240.15   252.40   252.40 
 0  6 16 19    251.12   239.47   249.81   251.48 
 0  4  6 19    244.57   237.38   248.10   249.04 
 5 17 18 20    226.61   244.26   251.81   248.15 
 0  5  8 20    249.57   226.58   227.47   258.84 
 1  6 17 20    252.18   238.08   252.05   249.63 
 6  6  6 18    244.57   244.57   244.57   250.88 
 3  3  4 20    231.38   231.38   247.74   269.96 
 4  6  6 19    243.83   244.61   244.61   250.10 
 2  2  3 20    173.08   173.08   244.13   286.48 
 4 17 19 20    237.07   248.92   247.52   243.29 
 2  6 19 20    233.41   241.05   246.86   247.40 
 0 16 17 20    245.92   242.99   244.93   247.15 
 2  6  6 18    234.82   241.14   241.14   249.53 
 5  6  8 17    225.28   247.26   232.03   255.91 
 8  8 18 20    225.05   225.05   244.38   248.77 
 8  8  8 20    227.24   227.24   227.24   253.22 
 0  2  3 20    254.27   222.57   227.20   257.84 
 3  3  6 19    225.24   225.24   253.71   269.30 
 4  6  6 20    241.88   246.48   246.48   250.70 
 1  2  4 20    250.39   233.83   240.72   252.75 
 0 19 20 20    242.11   245.80   244.40   244.40 
 2  5  6  8    224.26   219.25   246.55   251.08 
 3  6 17 20    230.40   249.12   248.86   247.51 
 2  5 20 20    236.28   226.76   249.99   249.99 
 0  2  4 20    250.67   235.36   242.56   253.74 
 1  1  3  6    259.49   259.49   229.05   248.44 
 6 19 19 19    237.18   247.56   247.56   247.56 
16 16 16 20    235.98   235.98   235.98   246.96 
 1  6  6 18    247.74   245.72   245.72   249.55 
 2  4 18 20    233.13   240.43   247.11   248.76 
 3 16 17 20    230.63   249.94   248.45   254.04 
 5  6  8 18    221.38   245.71   229.42   255.13 
 5  6 17 20    227.12   248.36   253.88   251.68 
 1  5  5 20    259.41   232.35   232.35   264.79 
 4  4  6  6    242.81   242.81   252.78   252.78 
 2  2  8 20    167.11   167.11   247.89   271.61 
 5  6  6 16    230.29   248.72   248.72   257.35 
 6 16 16 17    241.50   248.28   248.28   245.22 
 1  6 17 19    251.64   238.47   251.75   250.26 
 0  0  0  6    251.37   251.37   251.37   241.58 
 2  6 18 18    233.18   241.44   246.78   246.78 
 2  4  5 20    236.36   243.65   224.28   262.68 
 2  8 20 20    221.02   222.46   247.00   247.00 
 1  6 16 19    252.61   239.91   251.38   250.52 
 2 17 19 20    221.48   249.44   251.50   250.23 
 5  6 17 18    227.96   248.82   255.75   251.68 
 2 16 20 20    221.86   245.35   249.68   249.68 
 0  2  6 18    249.70   235.32   244.85   253.21 
 2  5  6 16    239.83   224.69   250.40   263.17 
 6 17 17 18    241.02   250.00   250.00   244.33 
 2  6 16 17    234.83   244.24   246.55   252.57 
 1  1  8 20    250.46   250.46   218.66   252.40 
 2  2  2  6    127.13   127.13   127.13   246.39 
 4 19 19 20    235.34   249.51   249.51   244.76 
 0  8 18 20    247.94   215.90   247.17   252.57 
 0  6 16 18    252.33   239.73   248.06   251.75 
 0 16 20 20    243.56   240.78   246.11   246.11 
16 17 18 20    238.90   240.43   241.45   244.43 
 3  3 20 20    230.55   230.55   255.42   255.42 
 0  1  6  6    247.45   249.22   249.04   249.04 
 0  1  6  8    248.03   249.65   244.19   221.31 
 1  1  6 16    255.31   255.31   242.83   247.59 
 8  8 16 20    228.27   228.27   246.69   251.85 
 1  6  8 19    250.01   238.76   218.24   249.23 
 1  5 17 20    250.51   229.21   257.81   256.07 
 1  6 18 18    253.36   240.62   253.76   253.76 
 5  8 19 20    227.53   228.45   249.43   251.84 
 1  1  2 20    251.33   251.33   223.28   253.22 
 3  3 16 20    229.33   229.33   249.75   260.07 
 0  3  5 20    257.55   234.69   226.59   263.10 
 3  4 16 20    229.34   242.66   245.80   251.00 
 1  3 16 20    256.60   233.95   253.92   259.31 
 6  6 18 19    244.23   244.23   241.39   243.56 
 3  4  4  6    229.11   241.11   241.11   260.37 
 2  5 17 20    236.72   227.14   250.64   251.21 
 2  5  6  6    226.75   225.18   254.38   254.38 
 2  5  6 19    235.99   220.70   247.10   263.04 
 2  5  5  6    233.74   228.77   228.77   259.31 
 3  5 18 20    235.67   227.65   260.30   260.53 
 2  6  6 16    238.75   246.25   246.25   248.70 
 2 16 16 20    221.41   246.38   246.38   252.33 
 2  6  6 20    235.28   241.80   241.80   249.07 
 5  6  8 19    219.90   246.57   228.94   253.89 
 2  3  6  6    227.72   230.36   250.50   250.50 
 3  5  8 20    225.67   221.73   235.41   270.16 
 4  5 20 20    246.26   230.05   252.91   252.91 
 0  0 16 20    239.17   239.17   239.74   250.19 
 3 18 18 20    228.30   249.74   249.74   252.56 
 8 18 20 20    213.47   250.93   249.97   249.97 
 2  8 19 20    221.02   222.46   248.38   245.65 
 1  1 18 20    240.61   240.61   240.96   247.49 
 5  5  6  8    222.62   222.62   259.69   252.08 
 6  8 16 19    242.64   221.27   247.98   243.72 
 5  6 16 17    228.89   250.74   257.74   256.53 
 6  6 16 16    247.12   247.12   241.34   241.34 
 0  5 18 20    249.67   229.26   259.00   255.54 
16 18 18 20    241.39   241.66   241.66   243.40 
 5 16 17 20    227.37   242.46   252.63   248.52 
 2 19 19 20    221.51   250.85   250.85   251.18 
 6 16 16 18    239.35   247.65   247.65   245.15 
 0  0 17 20    244.26   244.26   243.07   251.36 
 4  4  4 20    243.97   243.97   243.97   250.64 
 1  4  4 20    247.79   245.07   245.07   251.42 
 3 17 17 20    230.95   252.28   252.28   253.12 
 3  6 17 19    229.43   250.66   248.77   248.43 
 0  8 16 20    245.90   213.90   239.78   251.51 
 1  5 20 20    249.44   228.43   255.44   255.44 
 0  0  5  6    257.59   257.59   231.02   251.11 
 3  6  6  8    223.33   248.10   248.10   243.87 
 3  5  6  6    238.45   231.11   257.07   257.07 
 4  6 17 19    238.27   246.19   239.30   241.64 
 5  5  8 20    227.54   227.54   239.37   265.54 
 2  4 17 20    233.45   240.50   246.88   249.35 
 0  6 18 18    253.43   241.20   252.87   252.87 
 1  2  6 19    250.47   233.92   242.29   252.83 
 6  6  8  8    243.70   243.70   229.40   229.40 
 1  6 16 18    253.26   241.09   251.74   249.76 
 3  3  4  6    233.12   233.12   244.33   257.26 
16 16 19 20    241.75   241.75   242.66   245.11 
 0  0  6 20    248.11   248.11   238.35   247.88 
 3  4  6 20    225.96   240.34   248.65   262.30 
 1  6 16 17    253.56   239.76   250.45   251.97 
 3 19 19 20    228.79   250.36   250.36   251.64 
 0  1 17 20    244.13   245.27   242.88   250.32 
 2  6 17 17    235.43   243.39   250.40   250.40 
 4  4  6  8    239.74   239.74   252.52   225.71 
 2  2  6  8    176.43   176.43   240.34   252.16 
 6  6  6 17    247.21   247.21   247.21   250.26 
 0 18 18 20    242.23   244.94   244.94   247.41 
 1  1 17 20    244.38   244.38   241.95   250.61 
 5  5  6 17    223.67   223.67   256.95   272.49 
 0  6  8 16    253.49   243.54   222.61   248.06 
 6  6 16 17    247.13   247.13   240.95   243.67 
 0  4 19 20    253.02   239.84   254.89   250.36 
20 20 20 20    245.24   245.24   245.24   245.24 
 1  1  1 16    241.69   241.69   241.69   252.61 
 3 16 16 20    229.80   247.72   247.72   254.34 
 0  0  1 17    241.29   241.29   242.19   251.11 
 4  4 20 20    243.32   243.32   242.09   242.09 
 2  3  6 19    225.24   219.96   241.47   259.86 
 0  6 16 17    253.51   240.54   250.54   251.70 
 0  4  6 17    247.88   243.16   251.74   252.16 
 3  3  5  6    239.78   239.78   226.08   265.32 
 3  6 16 19    224.93   246.94   245.76   250.94 
 0  8 17 20    245.50   212.72   244.04   250.06 
 4  6 16 19    236.02   247.46   237.02   241.89 
 1  1  6  8    252.13   252.13   246.56   218.69 
 5 20 20 20    227.88   249.91   249.91   249.91 
 1  2  6 17    253.44   236.34   244.32   255.45 
 5  6  6  8    226.28   247.95   247.95   241.31 
 0  6  6 17    248.82   247.79   247.79   250.67 
 6  8 18 20    241.43   218.99   249.83   244.37 
 0  1  8 20    250.33   248.43   217.60   252.35 
 3  4  6 17    228.91   243.21   250.35   264.86 
 0  2  2 20    261.92   177.16   177.16   266.88 
 2  3  5 20    220.28   232.94   224.05   276.79 
 2  3 19 20    220.47   225.36   258.18   257.78 
 6 20 20 20    236.94   246.22   246.22   246.22 
 1  2  2 20    264.70   177.79   177.79   266.61 
 2  6  8 18    233.90   239.75   223.70   256.32 
 5  5  6 18    222.30   222.30   254.39   272.23 
 2  6 16 18    230.95   238.09   241.48   249.54 
 6  8  8 17    245.15   230.24   230.24   252.69 
 6  8 20 20    239.92   219.89   245.89   245.89 
 3  5  5 20    241.41   231.63   231.63   280.41 
 2 16 17 20    221.17   244.31   249.34   250.62 
 2  6  8 16    236.85   242.07   226.61   255.37 
 4  6  8 17    238.04   253.95   230.24   252.83 
16 17 19 20    239.81   241.60   242.67   244.83 
 3  3 17 20    233.92   233.92   254.41   258.56 
 0  3  3 20    256.41   232.55   232.55   263.73 
 0  2 18 20    243.68   219.23   251.10   251.95 
 3  4 17 20    233.48   246.69   250.08   248.20 
 0 17 18 20    245.36   248.55   246.07   248.73 
 3  4  6 19    224.78   239.02   249.78   263.90 
 3  5 20 20    235.01   227.10   260.67   260.67 
 3  6 18 20    225.68   247.28   247.79   247.45 
 0 16 18 20    243.64   241.01   244.60   247.74 
 4 16 19 20    235.61   244.94   249.24   245.19 
 6  6 16 19    242.39   242.39   238.20   240.94 
 1  5 19 20    249.30   228.41   257.05   253.70 
 5 16 18 20    224.20   238.85   252.77   250.30 
 5 19 20 20    227.88   246.54   251.53   251.53 
 0  0  2  6    250.65   250.65   235.12   243.00 
 1  1 19 20    245.90   245.90   244.02   245.74 
 1  6  8 17    252.09   243.09   221.35   251.46 
 0  6  8 18    248.41   239.20   218.62   248.61 
 0  0 17 19    244.21   244.21   243.10   251.72 
 5  5 17 20    230.35   230.35   260.43   263.78 
 1  2 16 20    249.04   222.60   248.00   251.83 
 6 18 19 19    235.37   248.11   246.97   246.97 
 2  2 20 20    178.14   178.14   258.14   258.14 
 1  2 17 20    248.16   222.04   251.53   251.26 
 0  1 17 18    244.01   245.11   242.73   250.74 
 4  6 16 16    242.30   251.43   243.84   243.84 
 0  5 19 20    249.33   229.04   258.94   255.75 
 3  6  6 20    226.99   247.81   247.81   261.79 
 1  2  3 20    257.66   223.40   228.50   259.89 
 1 18 20 20    245.18   245.75   243.39   243.39 
 3  3  6 17    228.80   228.80   255.31   272.00 
 0  0  5 20    249.44   249.44   225.82   256.84 
 1  3 20 20    253.18   230.68   257.10   257.10 
 1  6  6  8    253.43   244.57   244.57   223.44 
 1  8 17 20    248.79   214.99   246.43   251.28 
 1  4 17 20    252.04   238.09   252.61   250.86 
17 17 18 20    244.59   244.59   243.65   245.02 
 4  4  5  6    242.48   242.48   224.90   261.61 
18 18 20 20    245.57   245.57   244.77   244.77 
 4  8 18 20    240.06   220.22   249.84   245.18 
 1 16 18 20    246.25   243.70   245.98   249.15 
 5  6  8 16    225.22   248.83   234.04   255.21 
 1  1 16 17    241.27   241.27   241.66   250.41 
 0  3  6 17    255.66   230.72   253.10   258.24 
 1  3 19 20    253.18   230.68   255.72   258.34 
 4  5  5  6    250.08   226.72   226.72   261.99 
 0  6  6  8    252.48   245.36   245.36   226.51 
 0 16 19 20    243.56   240.77   245.18   247.28 
 4  5  6 16    243.70   227.17   249.66   257.72 
 5  8 16 20    226.51   227.67   245.88   253.26 
 4 17 17 20    238.23   248.89   248.89   244.77 
 0  6 17 19    250.32   239.59   252.34   248.17 
 5  5 20 20    229.69   229.69   262.44   262.44 
 1  6 16 20    253.60   240.36   251.38   249.16 
 0  4 20 20    253.08   240.11   252.41   252.41 
 4  5  6  6    244.78   228.96   257.08   257.08 
 2  2 19 20    178.14   178.14   258.84   257.97 
 6 17 17 17    240.50   247.45   247.45   247.45 
 5 16 19 20    223.77   238.60   254.25   250.91 
 1  3  6  6    263.80   229.41   250.09   250.09 
 1  4  6  8    252.86   243.37   245.18   225.67 
 2  3  3  6    228.91   233.14   233.14   259.37 
 0  1 16 17    239.89   241.31   241.32   250.06 
 0 18 19 20    243.18   246.89   243.85   245.94 
 1  2 20 20    248.83   222.58   251.36   251.36 
 1  2  5  6    267.35   243.51   221.39   244.90 
 1  1  2  6    248.98   248.98   244.63   242.81 
 6 17 17 19    238.42   248.78   248.78   244.29 
 5  8 17 20    226.50   227.79   247.26   251.62 
 0  1 17 19    244.13   245.20   242.84   250.73 
 1  8 16 20    247.12   213.75   241.35   251.69 
 3  4 18 20    230.34   243.23   248.71   248.94 
 5  6 18 19    227.33   249.33   256.81   252.43 
 0  5  6 16    261.33   231.85   251.87   254.57 
 0  8 20 20    247.09   214.14   248.75   248.75 
 0  4  6 16    247.47   243.63   251.23   248.85 
 2 18 20 20    219.58   247.73   251.10   251.10 
 1  3 18 20    254.14   231.48   255.73   258.56 
 0  2  5 20    252.74   234.59   225.41   259.76 
 4  6 18 19    239.56   247.73   241.15   243.29 
 3 17 18 20    229.14   251.56   248.81   252.68 
 1 16 20 20    247.46   244.98   247.51   247.51 
17 17 20 20    243.30   243.30   244.51   244.51 
 1  8 19 20    248.48   214.70   247.68   252.69 
 2  6 19 19    233.71   242.15   247.81   247.81 
 2 16 18 20    222.17   245.56   251.11   250.55 
 3  8 17 20    231.56   234.37   250.61   243.50 
 0  2  6 16    252.54   237.57   246.16   252.25 
 1  2  4  6    253.59   246.74   238.52   244.41 
 2  2  6 16    199.56   199.56   246.67   262.20 
 1  1 16 20    240.11   240.11   240.59   248.61 
 3  8  8 19    227.00   238.10   238.10   257.18 
 3  8 19 20    230.52   233.33   250.97   245.48 
 2  3  3 20    214.43   232.03   232.03   274.24 
 5  5 16 20    226.63   226.63   252.48   265.70 
 0  1  8 19    250.75   248.48   217.71   252.70 
 3  4  6  8    221.13   239.03   251.91   244.24 
 0  1  3 20    254.33   252.97   232.76   257.10 
 2  2  3 17    176.90   176.90   249.62   288.26 
 4  6 17 18    237.83   247.74   239.41   241.80 
 0  0  0 20    241.34   241.34   241.34   250.54 
 3  3  3 20    232.92   232.92   232.92   284.70 
 0  3  4 20    251.44   231.91   244.90   254.82 
16 19 19 20    242.07   242.81   242.81   243.94 
 0  2 19 20    245.11   220.06   252.18   251.02 
 1  8 18 19    248.81   214.97   248.09   253.42 
 0  0  8 17    250.40   250.40   218.99   254.47 
 2  4 20 20    233.66   240.85   247.62   247.62 
 6  8 16 18    244.21   221.84   246.61   243.04 
 0  8 17 19    245.94   212.86   244.09   250.43 
 2  5 17 19    236.56   227.30   250.72   251.55 
 2  3  8 18    217.87   229.11   250.25   260.11 
 5  6 16 19    225.50   248.48   254.19   253.18 
 8 19 20 20    212.18   251.82   250.48   250.48 
 1  6 17 18    253.67   240.46   254.08   250.66 
 1  5 18 20    249.47   228.57   256.85   254.45 
 4  6 19 19    236.96   249.26   242.23   242.23 
 2  5 18 19    235.86   226.53   249.45   251.83 
 0  8 18 19    248.35   215.31   247.22   253.10 
 0  3  5  6    269.27   231.10   221.96   255.52 
 2  3  8 17    219.56   230.89   252.26   261.14 
16 17 17 20    240.72   241.20   241.20   244.05 
 1  8 17 19    248.92   215.02   246.46   251.64 
 0  0  8 18    248.21   248.21   216.97   252.54 
 6 16 17 18    239.19   245.79   248.27   245.10 
 0  3 16 20    251.03   229.93   248.56   259.37 
 0  0 19 20    246.94   246.94   244.01   245.77 
 3  6 17 17    232.43   250.76   251.21   251.21 
 0  3 19 20    251.17   230.03   254.90   257.46 
 1  1  8 19    250.68   250.68   218.03   253.06 
 1  4  5 20    258.43   246.26   229.56   258.34 
 4  6  8 19    234.16   252.93   228.32   251.93 
 4  4  4  6    240.22   240.22   240.22   253.67 
 6 16 16 16    242.65   248.99   248.99   248.99 
 2  2  3 18    174.16   174.16   245.68   286.34 
 5  6 18 18    226.23   249.85   254.91   254.91 
 0  5  5 20    255.24   229.09   229.09   263.16 
 0  2  2  6    262.60   198.38   198.38   245.21 
 1  5  6 19    258.30   225.74   249.96   258.49 
 3 18 20 20    228.54   251.65   249.98   249.98 
 1  6 18 19    252.97   240.47   254.35   250.41 
 1 20 20 20    243.72   244.35   244.35   244.35 
 3  5  5  6    239.88   229.01   229.01   266.28 
 2  5 17 18    236.56   227.30   250.72   252.07 
 2  3  8 19    217.54   228.78   249.87   259.89 
 1  1  4  6    249.62   249.62   243.14   244.01 
 0  8 17 18    246.38   213.34   244.60   250.45 
17 18 18 20    242.19   243.44   243.44   245.57 
 1  1  5  6    254.14   254.14   228.00   252.68 
 1  3  4 20    253.19   232.46   245.48   257.11 
 1  8 17 17    250.69   216.97   251.24   251.24 
 0  0  3  6    254.86   254.86   232.75   250.27 
 4 18 18 20    235.35   248.53   248.53   245.24 
 1  8 18 18    248.92   215.07   250.88   250.88 
 1  2  5 20    256.40   236.29   227.02   259.92 
 0  3 17 20    249.81   228.85   252.65   256.58 
 3  8 18 20    230.38   233.20   250.17   246.00 
 2  4  4 20    235.34   240.92   240.92   250.96 
 2 17 18 20    221.86   249.93   252.09   250.60 
 1  1 20 20    245.87   245.87   244.67   244.67 
 6  8  8  8    241.81   230.62   230.62   230.62 
 1  1  8 17    251.51   251.51   218.18   253.62 
 5  5  5  6    232.40   232.40   232.40   269.11 
 0  1 18 20    248.08   249.64   245.49   247.15 
 4  4 17 20    242.27   242.27   239.16   242.90 
 4  4  6 17    242.12   242.12   250.02   252.04 
 0 19 19 20    241.89   244.66   244.66   245.99 
 1  1  6 17    253.74   253.74   241.80   250.25 
 1  8 19 19    248.59   214.75   250.35   250.35 
16 16 20 20    241.68   241.68   243.91   243.91 
 1 16 16 20    236.45   237.48   237.48   253.40 
 0  1  8 18    251.00   248.70   217.94   252.93 
 4  6 18 20    238.22   248.88   240.63   242.85 
 3  8  8 18    227.46   238.63   238.63   257.20 
 0  1  4  6    248.51   250.90   244.35   250.41 
 1  4 16 20    253.90   239.79   251.55   250.38 
 3  6  6 18    229.53   245.44   245.44   261.45 
 2  2  3 19    173.30   173.30   244.33   286.49 
 0  0  4  6    248.08   248.08   240.54   251.11 
 4  6  8 18    234.72   253.54   229.74   250.89 
 6  8 17 18    240.39   217.06   246.69   244.77 
 1  1  8 18    250.59   250.59   217.94   252.82 
 3  5  6 17    233.34   223.78   252.04   270.56 
 3  5 16 20    238.23   230.33   259.66   261.52 
 0  1  8 17    251.58   249.51   218.46   253.77 
 4  5  6 17    239.78   223.90   249.12   259.08 
 3  8  8 17    230.68   241.96   241.96   259.71 
 4  8 20 20    239.84   220.00   246.57   246.57 
 0  8 19 19    247.21   214.17   249.10   249.10 
 2  5 19 19    236.14   226.74   250.31   250.31 
 6 16 17 19    238.94   247.52   249.21   243.97 
 4 16 16 20    238.05   246.51   246.51   244.97 
 1  5  6 16    261.77   230.72   251.74   256.50 
 6 18 18 18    237.05   247.99   247.99   247.99 
 1  4  8 20    250.55   238.73   219.20   248.52 
 0  0  8 19    248.35   248.35   217.09   252.41 
 1  8 17 18    249.27   215.37   246.83   251.85 
 2 17 17 20    219.33   248.86   248.86   251.85 
 5 17 17 20    226.99   248.08   248.08   249.25 
 0  8 17 17    250.35   217.08   251.36   251.36 
 2  2 18 20    177.42   177.42   258.37   258.13 
 2  5 17 17    238.31   228.79   253.61   253.61 
 1  3  6 16    257.22   232.57   251.36   253.52 
 2  3 18 20    220.45   225.42   257.59   257.61 
 0  8 18 18    248.66   215.49   250.15   250.15 
 2  4  6  8    222.58   238.97   245.45   231.49 
 2  5 18 18    235.87   226.53   250.57   250.57 
 0  0  6 16    254.50   254.50   242.52   247.27 
 8 20 20 20    212.18   250.98   250.98   250.98 
 5 17 19 20    226.56   243.86   250.78   247.24 
 4  5  6 19    237.21   220.82   242.38   259.12 
 3  5  8 19    225.83   221.76   235.29   270.37 
 0  0 20 20    246.89   246.89   244.66   244.66 
16 16 16 18    236.85   236.85   236.85   247.16 
 1 16 16 17    238.98   239.89   239.89   254.98 
 0  0 16 19    239.11   239.11   239.49   250.60 
 2  6  6 19    235.15   241.20   241.20   251.02 
 1  2  6 18    251.47   234.90   243.64   252.61 
 2  3 20 20    220.69   225.34   258.24   258.24 
 0  6 18 19    253.72   241.79   254.44   252.45 
 5  5 19 20    229.62   229.62   261.05   263.88 
 1  1 16 18    240.48   240.48   240.97   249.11 
 4  6  8 16    235.69   256.44   230.87   252.85 
 3  6  6 16    231.19   250.37   250.37   262.17 
 0  3  8 20    251.07   228.91   231.74   252.52 
 4  4  6 16    241.75   241.75   250.62   251.66 
 6  6  8 16    246.15   246.15   231.24   252.87 
 3  4 20 20    231.75   244.90   249.32   249.32 
 4  6  8  8    239.93   246.10   228.93   228.93 
 0 16 16 19    233.92   234.53   234.53   254.23 
 0  2 16 20    248.00   222.41   247.70   253.20 
 2  2  4  6    191.29   191.29   239.74   248.40 
 1 17 17 20    240.51   243.51   243.51   250.78 
 0  1  1 17    241.31   242.35   242.35   250.96 
 8 17 18 20    213.24   247.64   243.95   249.95 
 3 17 20 20    229.72   252.13   250.73   250.73 
 0  4  5 20    257.96   247.03   230.63   259.55 
17 19 19 20    243.31   245.23   245.23   246.07 
 6  8  8 20    242.43   228.57   228.57   250.42 
 3  5  6 16    233.53   224.20   254.70   268.04 
 0  1 16 19    239.46   240.98   240.82   248.82 
 1 16 17 20    246.61   243.96   244.99   247.17 
 3  4  4 20    230.46   244.30   244.30   263.24 
 2  3  5  6    233.96   239.41   221.40   260.15 
 8 17 17 20    216.19   248.79   248.79   251.88 
 1  3  5 20    258.22   234.25   225.99   261.17 
 1  5  6 17    260.59   228.31   251.37   260.12 
16 16 18 20    242.14   242.14   243.14   244.98 
 6  8  8 19    242.37   227.62   227.62   251.00 
 3  3 19 20    230.42   230.42   254.17   256.60 
 0  0  2 20    250.21   250.21   222.75   253.35 
 0  0  1 18    240.77   240.77   241.86   250.12 
 2 20 20 20    221.19   250.66   250.66   250.66 
17 18 20 20    242.51   244.92   243.09   243.09 
 2  3  6 16    232.09   228.43   247.10   259.82 
 2  3 16 20    223.86   228.55   252.96   255.09 
 2  8 16 20    222.47   224.35   250.45   252.77 
 1 16 16 18    237.74   238.81   238.81   254.09 
 1  3  4  6    263.62   225.68   240.35   255.13 
 4  6 18 18    239.79   248.78   242.73   242.73 
 0  5 20 20    249.21   229.41   257.06   257.06 
 1  6  8 18    250.17   239.49   218.15   248.94 
 3  6 16 17    230.96   249.20   250.09   252.60 
 2  4  4  6    229.90   241.18   241.18   253.12 
 0 16 16 18    234.66   235.22   235.22   254.47 
 1  2  3  6    271.30   242.96   221.16   246.11 
 0  5  6 19    257.94   227.86   249.49   258.50 
 3  3  6 16    227.71   227.71   256.95   271.28 
 1  1 16 19    240.02   240.02   240.47   248.88 
 6 16 18 19    234.51   243.37   248.27   246.52 
 6  6  8 17    247.59   247.59   231.62   250.99 
 3  3  8 20    227.11   227.11   243.64   266.20 
 1  4 20 20    253.44   239.18   253.98   253.98 
 2  2  6 19    196.55   196.55   243.61   259.39 
 3  4  6  6    231.08   244.81   256.01   256.01 
 0  1  6 17    252.93   252.68   240.54   249.33 
 8 16 20 20    213.95   245.78   248.61   248.61 
 1  1  1 17    242.33   242.33   242.33   251.67 
 1  6  6 17    249.28   247.39   247.39   252.97 
 0  2  3  6    260.45   230.53   228.83   244.70 
 0  0 16 18    239.84   239.84   240.20   250.35 
16 16 16 19    236.14   236.14   236.14   247.16 
 0  0  1 16    241.17   241.17   241.19   252.86 
 0  6  8  8    253.86   243.37   229.78   229.78 
 0  6  6 19    244.37   243.24   243.24   250.49 
 4 16 20 20    235.55   245.13   247.56   247.56 
 3  5  8 18    226.49   222.48   235.99   270.26 
 4  8 16 20    242.08   222.00   247.88   243.47 
16 17 20 20    239.80   241.48   243.62   243.62 
 3  3 18 20    231.10   231.10   254.79   257.88 
 3  6  8 19    225.26   246.30   237.26   255.42 
 3  5 19 20    235.03   227.00   261.29   260.29 
 1 16 16 19    236.38   237.42   237.42   253.73 
 8 17 20 20    214.32   248.64   246.23   246.23 
 3  5  8 17    231.11   227.20   240.74   273.38 
 3  6 18 19    226.10   247.15   248.53   249.47 
 0  2  5  6    262.44   240.11   224.54   249.89 
 1  1  6 18    252.56   252.56   240.38   249.00 
 2 19 20 20    221.19   249.22   251.61   251.61 
 0  0  4 20    249.15   249.15   236.84   249.97 
 0  0  1 19    239.93   239.93   240.96   250.14 
 3  4  6 16    227.19   241.22   254.02   260.69 
 0  5 17 20    246.23   226.57   254.85   254.32 
 2  6  6  8    222.51   243.10   243.10   232.37 
 1  5  8 20    252.86   228.23   229.62   259.59 
 0  0 18 20    246.17   246.17   243.51   246.25 
 1  2 19 20    248.79   222.19   252.27   250.60 
 4 20 20 20    235.29   247.93   247.93   247.93 
17 20 20 20    243.31   245.22   245.22   245.22 
 4  5 17 20    246.25   229.48   255.46   252.63 
 3 18 19 20    228.53   251.51   248.83   251.36 
 0  1 16 18    239.22   240.74   240.59   248.70 
 4  8 16 17    243.75   223.46   249.58   245.60 
17 18 19 20    242.64   245.16   242.16   244.24 
 0  1  5 20    247.84   256.68   228.43   255.59 
 3  5 17 20    235.97   227.88   259.93   259.43 
 4  4  4 17    246.65   246.65   246.65   253.46 
16 16 17 20    241.73   241.73   242.34   245.64 
 8 17 17 19    216.21   248.90   248.90   252.41 
 4  8 17 19    236.66   216.92   245.26   245.22 
 2 18 18 20    219.51   250.10   250.10   250.75 
 4 17 18 20    237.92   249.83   248.26   244.66 
 2  4  8 18    233.70   237.97   224.38   256.38 
 5  8  8 20    223.46   228.67   228.67   258.84 
 4  5  5 19    248.30   227.24   227.24   272.20 
 2  4 19 20    233.51   241.12   246.96   248.25 
 2  5  8 19    221.38   221.69   243.79   261.24 
17 17 17 20    241.44   241.44   241.44   250.20 
 2  4  8 17    235.60   239.88   226.16   257.14 
 4  4  4 18    244.41   244.41   244.41   250.80 
 0  8  8 20    245.02   222.83   222.83   253.10 
 0  3  8 19    251.14   228.85   231.81   253.08 
 8 17 18 19    213.23   247.77   244.04   250.40 
 4  8 18 19    240.07   220.14   249.97   245.06 
 8 18 18 18    213.37   251.28   251.28   251.28 
 1  3  8 19    254.66   230.38   233.31   252.11 
 8 19 19 19    212.23   251.30   251.30   251.30 
 2  8  8 20    219.96   228.72   228.72   257.87 
 4  8 16 18    242.16   222.04   247.96   243.86 
 2 17 20 20    220.86   249.27   250.65   250.65 
 8 18 19 19    212.90   251.42   250.52   250.52 
 3  8 16 19    230.94   233.86   248.42   248.81 
 2  2  2 20    104.72   104.72   104.72   344.87 
 2 16 19 20    221.21   245.19   250.82   248.92 
 0 20 20 20    241.92   244.99   244.99   244.99 
 0  4 18 20    253.79   240.42   255.48   252.27 
 1  3  8 17    256.13   232.33   235.38   253.12 
 4  5 18 20    246.72   230.02   256.96   252.43 
 4  5  5 18    249.15   228.02   228.02   271.94 
 5 19 19 20    228.20   249.86   249.86   250.42 
 4  8  8 20    240.92   229.37   229.37   251.70 
 2  5  8 17    223.76   224.16   246.65   262.15 
 2  4  8 19    234.16   238.45   224.82   256.87 
 0  3  8 17    255.58   232.80   235.91   253.62 
 8 17 17 18    216.36   249.03   249.03   252.54 
 4  8 17 18    238.01   218.24   246.72   245.22 
 2  8 17 20    221.61   223.32   249.23   247.84 
 3  8 16 17    232.87   235.90   250.68   249.05 
18 20 20 20    245.02   245.75   245.75   245.75 
 5 18 19 20    227.06   245.12   252.39   248.92 
 0  1  1 16    240.74   241.70   241.70   252.78 
 0  2 17 20    248.47   222.46   253.41   252.39 
 8 17 19 19    214.33   248.79   246.64   246.64 
 3  8 16 18    232.53   235.55   250.27   248.43 
 4  8 19 19    239.79   219.86   246.82   246.82 
 1  2  8 20    256.28   223.27   225.08   255.79 
 0 17 17 20    239.54   243.43   243.43   250.86 
 8  8 17 20    226.86   226.86   247.18   250.36 
 4  8 16 19    242.15   222.00   247.93   243.61 
 4  4 18 20    243.63   243.63   241.22   243.90 
 4  5  5 17    250.99   229.79   229.79   273.33 
 8 18 18 19    212.89   249.54   249.54   254.31 
 1  3  8 18    255.60   231.19   234.14   251.85 
 2  8 18 20    221.88   223.73   248.83   246.78 
 8 17 18 18    214.32   248.80   248.02   248.02 
 4  8 18 18    240.09   220.14   247.52   247.52 
 0 18 20 20    243.14   247.03   244.79   244.79 
 8 17 17 17    217.73   251.78   251.78   251.78 
 4  8 17 17    242.36   222.21   248.76   248.76 
 0  3  8 18    251.14   228.85   231.85   252.74 
 0  4 17 20    250.72   237.73   252.78   249.89 
 4  4  4 19    244.16   244.16   244.16   251.04 
 2  5  8 18    221.26   221.59   243.65   261.11 
 2  5 16 17    237.69   228.64   251.10   253.95 
 2  4  5 18    238.00   244.84   225.48   263.39 
 2  4  5 17    239.52   246.49   226.89   264.71 
 2  5 16 18    234.29   225.48   247.51   250.84 
 2  4  5 19    236.80   243.51   224.30   263.25 
 2  5 16 19    234.09   225.30   247.31   250.85 
 3  8 18 19    230.24   233.54   250.73   246.23 
 2  2 16 19    177.45   177.45   257.60   258.44 
 0  2  5 18    253.85   235.58   226.75   260.50 
 8 16 16 18    213.92   244.17   244.17   251.88 
 2  2  2 19    104.89   104.89   104.89   345.14 
 1  8 16 18    249.44   215.22   242.75   252.21 
 0  8 16 17    250.32   216.61   243.03   255.00 
 8 16 18 19    213.54   245.89   244.86   251.29 
 4  5  8 17    245.74   226.67   232.86   257.82 
 4  8  8 17    243.07   231.56   231.56   252.39 
 1  2  5 17    257.40   237.55   228.57   261.56 
 3  8 17 18    230.80   234.28   250.44   244.43 
 4  5  8 18    242.51   224.00   230.03   255.39 
 1  2  5 18    256.44   236.11   227.25   260.62 
 4  8  8 18    240.92   229.55   229.55   251.88 
 3  8 18 18    230.93   234.27   248.63   248.63 
 3  8 17 17    233.85   237.37   250.91   250.91 
 8 16 17 19    214.37   246.81   245.98   253.07 
 3  8 19 19    230.38   233.68   248.65   248.65 
 0  2  5 17    256.53   238.05   229.02   262.08 
 0  8 16 18    247.31   213.78   239.99   252.70 
 8 16 16 17    217.13   247.54   247.54   254.32 
 1  8 16 17    250.82   215.59   243.01   253.94 
 3  8 17 19    231.27   234.75   250.98   244.08 
 8 16 17 17    216.19   248.94   251.15   251.15 
 8 16 18 18    214.04   246.47   248.49   248.49 
 1  8 16 19    247.72   213.68   240.98   252.20 
 2  2  2 18    105.14   105.14   105.14   345.35 
 8 16 16 19    212.90   243.19   243.19   251.74 
 8 16 19 19    213.81   246.24   248.86   248.86 
 0  2  5 19    252.72   234.49   225.76   260.38 
 2  2 16 18    177.36   177.36   257.48   258.55 
 2  2  2 17    106.63   106.63   106.63   347.24 
 0  8 16 19    246.75   213.21   239.41   252.32 
 2  2 16 17    180.01   180.01   261.16   261.58 
 8 16 17 18    214.12   246.58   245.75   252.43 
 1  2  5 19    256.43   236.10   227.24   260.48 
 4  5  8 19    242.17   223.69   229.69   255.26 
 4  8  8 19    240.79   229.43   229.43   251.79 
 1  3  8 16    258.73   233.80   237.95   250.76 
 0  3  8 16    257.72   234.14   238.36   250.11 
 1  2  2 19    264.21   176.97   176.97   266.36 
 0  4  5  5    274.16   253.09   231.64   231.64 
 2  2  4 18    196.86   196.86   242.04   260.09 
 0  2  2 19    261.44   176.34   176.34   266.51 
 2  5  8 16    224.03   224.02   246.99   261.25 
 3  8 16 16    234.13   238.20   249.89   249.89 
 1  1  8 16    252.06   252.06   219.55   251.88 
 0  3  5  8    272.18   232.30   228.41   242.14 
 0  2  5  8    261.75   223.61   223.60   246.52 
 0  0  0  8    250.96   250.96   250.96   218.10 
 0  1  8 16    252.85   250.15   219.18   251.59 
 0  2  2  3    287.54   176.34   176.34   247.94 
 3  8  8 16    231.97   243.25   243.25   257.76 
 3  5  8 16    232.71   228.77   242.66   271.44 
 2  3  3 19    214.80   231.98   231.98   274.29 
 0  2  4  8    256.20   234.40   239.61   226.11 
 4  5  5 16    253.17   231.80   231.80   273.08 
 0  1  2  2    259.71   266.14   202.91   202.91 
 1  1  1  4    248.28   248.28   248.28   245.08 
 2  2  4 17    199.70   199.70   245.65   263.24 
 0  8 16 16    252.16   218.35   247.94   247.94 
 2  5 16 16    237.98   228.55   252.17   252.17 
 2  2  3 16    176.83   176.83   248.88   286.83 
 0  1  1  1    247.49   249.06   249.06   249.06 
 0  3  8  8    259.90   230.29   241.42   241.42 
 0  2  2 18    262.55   177.06   177.06   266.50 
 1  2  5 16    256.74   237.30   227.88   258.56 
 2  2  4 19    197.16   197.16   242.41   259.80 
 1  2  2 18    265.37   177.88   177.88   266.09 
 0  0  3  8    252.88   252.88   232.59   236.69 
  2  3  3 17    218.15   235.66   235.66   277.69 
  0  0  8 16    251.68   251.68   219.98   251.24 
  1  2  2 17    266.04   178.93   178.93   267.99 
  2  4  8 16    235.66   241.07   227.27   256.47 
  0  2  3  8    260.96   218.91   229.82   251.48 
  0  2  2 17    265.66   179.22   179.22   268.43 
  0  0  2  5    256.42   256.42   236.91   227.60 
  2  3  3 18    215.04   232.23   232.23   273.84 
  2  3  8 16    220.51   231.58   253.32   259.45 
  0  1  1  8    250.73   250.42   250.42   214.16 
  0  2  5 16    256.34   237.93   228.53   258.16 
  1  4  4  8    253.72   244.41   244.41   225.83 
  8 16 16 16    217.91   249.72   249.72   249.72 
  1  8 16 16    252.69   218.01   248.66   248.66 
  8  8  8 17    229.13   229.13   229.13   255.36 
  1  4  8 18    251.90   239.41   219.45   249.14 
  8  8 17 18    226.66   226.66   246.05   251.45 
  3  3  8 17    229.84   229.84   247.21   268.93 
  2  2 19 19    177.03   177.03   257.80   257.80 
  2  2 17 17    179.96   179.96   261.70   261.70 
  2  3  5 19    220.29   232.93   224.17   277.11 
  0  4  8 18    250.15   238.89   218.86   249.23 
  2  2 18 18    177.25   177.25   258.42   258.42 
  0  4  8 17    253.06   241.72   221.52   251.90 
  8  8 19 19    224.82   224.82   246.46   246.46 
  2  2 17 18    177.70   177.70   258.90   259.76 
  1  4  8 17    253.41   241.05   221.05   251.36 
  8  8  8 18    226.85   226.85   226.85   252.98 
  8  8 18 18    225.84   225.84   247.06   247.06 
  8  8 17 17    228.86   228.86   250.63   250.63 
  3  3  8 18    227.69   227.69   244.79   266.06 
  2  2 18 19    176.31   176.31   257.43   258.35 
  0  4  8 19    249.34   238.31   218.22   249.10 
  2  3  5 18    220.63   233.32   224.48   276.96 
  0 17 17 19    239.42   243.43   243.43   251.07 
  8  8 17 19    227.13   227.13   246.54   251.22 
  1  4  8 19    251.17   238.79   218.85   248.77 
  3  3  8 19    227.10   227.10   244.20   266.05 
  8  8 18 19    224.90   224.90   243.90   248.91 
  8  8  8 19    227.09   227.09   227.09   253.47 
  2  2 17 19    177.60   177.60   258.78   259.50 
  2  3  5 17    225.50   238.36   229.05   280.18 
  0  8  8  8    254.96   231.14   231.14   231.14 
  5  5  8 17    231.62   231.62   243.58   269.69 
  0  8  8 19    244.35   223.22   223.22   253.77 
  1  2  5  8    265.83   230.25   222.54   237.46 
  0  0  4  8    250.52   250.52   241.82   221.61 
 17 17 17 19    241.55   241.55   241.55   250.48 
  0  0  1  2    251.14   251.14   252.14   235.26 
  0  4  5  8    257.52   245.76   226.80   233.01 
  1  8  8 17    249.64   226.70   226.70   256.32 
  0  4  4  4    252.52   246.05   246.05   246.05 
  8  8 16 19    228.25   228.25   246.19   252.00 
  1  8  8 18    247.19   224.54   224.54   256.14 
  1  1 17 19    244.21   244.21   241.71   250.65 
  3  3  3 19    232.85   232.85   232.85   284.83 
  5  5  8 18    228.95   228.95   240.94   266.32 
  8  8 16 17    229.17   229.17   247.18   253.42 
  8  8  8 16    231.07   231.07   231.07   253.49 
  4  8 16 16    243.61   223.09   247.31   247.31 
  0  0  1  5    251.39   251.39   253.86   229.47 
  1  1  3  3    265.67   265.67   232.32   232.32 
  1  1  2  5    255.91   255.91   254.19   223.08 
  0  1  3  8    251.86   258.75   233.41   234.80 
  0  8  8 18    245.39   224.21   224.21   253.87 
  0  1  2  8    251.02   255.37   238.73   222.68 
  4  5  8 16    246.80   227.71   233.94   256.30 
  3  3  3 17    237.56   237.56   237.56   286.57 
  4  4  4 16    246.80   246.80   246.80   253.23 
  0  2  4  5    263.74   240.10   246.99   227.23 
  5  5  8 19    227.49   227.49   239.58   265.89 
  1  1  1 18    239.51   239.51   239.51   250.52 
  0  4  8 16    254.14   242.92   222.59   248.60 
  3  3  3 18    233.87   233.87   233.87   284.69 
  2  4  5 16    240.41   247.40   227.50   263.15 
  0  1  1  3    250.47   254.20   254.20   235.86 
  1  1 17 18    243.84   243.84   241.35   250.53 
  1  1  4  8    252.47   252.47   244.87   220.01 
  1  1  1  8    252.08   252.08   252.08   214.32 
  1  8  8 19    246.08   223.54   223.54   255.85 
  1  4  8 16    254.87   242.17   222.03   248.94 
  8  8 16 18    228.04   228.04   245.95   251.86 
  0  8  8 17    248.93   227.50   227.50   257.19 
  1  4  4  4    251.50   245.74   245.74   245.74 
  1  3 17 17    253.75   232.19   258.21   258.21 
  0  2 17 18    248.37   222.77   253.53   252.66 
  1  2 18 19    249.01   222.31   251.43   251.21 
  1  3 18 18    253.26   231.37   257.49   257.49 
  0  3 19 19    250.35   230.04   256.79   256.79 
  2  4  4 17    238.79   244.23   244.23   252.83 
  0  3 17 17    253.61   232.97   258.91   258.91 
  3  4  4 19    230.27   244.24   244.24   263.76 
  2  8  8 19    219.66   229.11   229.11   257.72 
  0  3 18 18    251.25   230.85   257.50   257.50 
  1  3 19 19    252.44   230.68   257.61   257.61 
  0  2 19 19    244.84   219.68   251.78   251.78 
  2  4  4 18    235.71   240.86   240.86   251.83 
  0  3 17 18    249.93   229.67   254.04   257.53 
  1 17 17 19    240.14   243.53   243.53   250.88 
  5  8  8 19    223.47   229.12   229.12   258.45 
  0  1  1 18    241.30   241.77   241.77   250.56 
  0  2 18 18    244.96   219.82   252.17   252.17 
  4  5 16 19    245.36   228.62   254.51   253.84 
  1  2 17 19    247.84   221.40   251.94   250.94 
  1  3 17 18    252.19   231.10   255.73   259.23 
  0  0  0 19    241.38   241.38   241.38   251.24 
  2  2  5 19    181.10   181.10   223.59   284.39 
  0  2 17 17    250.02   224.26   254.34   254.34 
  1  2 19 19    248.46   221.91   251.45   251.45 
  0  3 18 19    251.24   230.86   256.29   258.48 
  5  8  8 17    228.03   233.64   233.64   260.50 
  2  8  8 18    220.46   229.71   229.71   257.33 
  3  4  4 18    230.51   244.48   244.48   263.63 
  1  2 18 18    249.73   223.02   251.44   251.44 
  1  3 18 19    253.39   231.48   256.31   258.96 
  2  2  5 17    183.80   183.80   226.84   287.53 
  0  2 17 19    248.20   222.54   253.23   252.39 
  1  2 17 17    250.90   224.08   254.06   254.06 
  4  5 16 17    248.15   231.31   257.38   257.69 
  2  2  5 18    181.10   181.10   223.60   284.37 
  1  2 17 18    249.11   222.55   253.23   250.96 
  1  3 17 19    252.08   231.00   255.62   259.00 
  4  5 16 18    245.31   228.58   254.48   253.97 
  0  2 18 19    243.45   218.52   251.51   251.53 
  0  1  1 19    241.54   242.02   242.02   250.60 
  2  8  8 17    222.95   232.20   232.20   259.07 
  5  8  8 18    224.12   229.79   229.79   258.27 
  1 17 17 18    240.83   244.26   244.26   250.74 
  3  4  4 17    232.56   246.57   246.57   265.24 
  0  3 17 19    249.04   228.85   253.27   257.01 
  2  4  4 19    235.74   240.87   240.87   251.71 
  0  3 16 19    250.29   229.99   249.02   259.43 
  0  0  1  3    251.13   251.13   256.81   235.82 
  3 16 17 18    231.21   249.87   249.72   254.36 
  2 16 19 19    221.14   244.96   249.95   249.95 
  2  2  5 16    185.06   185.06   228.30   284.83 
  1  3 16 19    255.87   233.86   254.34   259.44 
  4  5 17 18    246.76   229.72   255.08   252.37 
  2 16 17 17    223.00   246.96   251.85   251.85 
  2 16 18 18    221.06   244.82   250.45   250.45 
  2  3  3 16    219.45   237.59   237.59   276.15 
  2 17 17 18    220.09   250.14   250.14   251.85 
  3 16 16 19    229.84   247.71   247.71   254.40 
  0  4  8  8    253.92   241.38   230.08   230.08 
  2 16 17 18    220.17   243.82   249.32   249.88 
  0  2  2 16    266.18   179.09   179.09   263.93 
  0  3  3  8    266.90   231.11   231.11   248.40 
  2 17 18 18    221.07   249.39   251.46   251.46 
  0  2  2  4    262.44   198.41   198.41   243.78 
  2 18 18 19    219.39   249.77   249.77   251.26 
  2  2  2 16    107.49   107.49   107.49   345.07 
  1  2  2 16    266.71   178.70   178.70   264.69 
  4  5 17 17    250.45   233.52   257.57   257.57 
  0  1  1  4    248.85   250.46   250.46   242.94 
  4  5 18 18    246.50   229.72   254.41   254.41 
  2 17 17 17    222.84   253.36   253.36   253.36 
  1  4  8  8    257.92   243.94   227.60   227.60 
  0  2  2  2    343.88   106.81   106.81   106.81 
  3 16 19 19    231.68   250.40   252.78   252.78 
  2  2 16 16    179.67   179.67   260.94   260.94 
  3 16 17 17    234.63   253.69   254.70   254.70 
  2 17 19 19    220.71   248.99   250.85   250.85 
  2  8  8 16    223.95   233.59   233.59   257.57 
  4  5 19 19    246.37   229.60   253.18   253.18 
  0  5  5  8    267.57   231.03   231.03   242.86 
  3 16 18 18    232.15   250.94   252.66   252.66 
  3  4  4 16    233.69   247.73   247.73   262.25 
  2  3  5 16    225.65   238.99   229.83   277.63 
  1  1  1  3    253.40   253.40   253.40   231.56 
  2 17 17 19    218.81   248.82   248.82   251.85 
  1  2  2  3    299.94   186.42   186.42   234.73 
  2 16 18 19    221.41   245.22   251.38   250.14 
  0  2  3  5    276.09   224.36   237.67   228.55 
  3  3  8 16    231.48   231.48   249.01   266.43 
  3 16 16 17    234.52   252.83   252.83   255.32 
  0  3  4  4    263.97   232.66   246.74   246.74 
  0  0  2  2    264.82   264.82   178.20   178.20 
  0  0  0  1    249.71   249.71   249.71   249.68 
  4  5 17 19    246.45   229.39   254.65   252.76 
  5  5  8 16    231.70   231.70   243.54   268.10 
  1  3 16 18    256.00   233.97   254.47   259.45 
  4  8  8 16    242.82   231.42   231.42   252.19 
  0  2  3  3    277.93   218.78   236.97   236.97 
  3 16 17 19    230.48   249.09   249.01   254.23 
  1  1  5  8    256.33   256.33   230.26   231.22 
  1  1  2  4    249.79   249.79   244.50   242.18 
  0  3 16 18    251.57   231.08   250.22   259.20 
  1  2  4  8    258.94   239.70   242.02   221.71 
  3 16 18 19    231.67   250.38   250.77   253.97 
  0  2  8  8    258.94   223.72   233.38   233.38 
  0  3 16 17    254.99   234.16   253.48   260.25 
  2 18 19 19    218.79   247.37   251.22   251.22 
  1  2  3  5    288.31   237.43   232.90   224.46 
  1  3  3  5    293.84   236.57   236.57   229.64 
  0  2  2  5    283.20   183.79   183.79   226.74 
  1  2  2  2    369.85   113.42   113.42   113.42 
  4  5 18 19    246.89   230.08   256.20   252.73 
  2 18 18 18    220.18   250.77   250.77   250.77 
  2  2  4 16    199.63   199.63   245.30   261.82 
  2 17 18 19    221.31   249.62   252.33   250.71 
  1  3 16 17    254.98   233.84   254.26   259.89 
  2 16 17 19    220.39   244.06   249.57   250.14 
  2 19 19 19    220.77   250.78   250.78   250.78 
  3 16 16 18    229.97   247.82   247.82   254.01 
  1  3  8  8    266.82   228.26   238.83   238.83 
  2 16 16 19    220.99   246.27   246.27   251.96 
  2  5  5 19    228.52   228.71   228.71   274.43 
  0  0  3 18    250.64   250.64   230.97   257.19 
  1  1  2 19    251.19   251.19   222.79   252.90 
  0  0  2 19    249.98   249.98   222.57   253.30 
  3  5  5 17    243.87   234.70   234.70   283.34 
  3  4  5 17    237.09   248.17   227.26   270.93 
  0  0  3 17    254.91   254.91   234.94   259.41 
  3  4  5 18    232.82   243.62   223.26   269.62 
  3  5  5 18    241.79   232.77   232.77   280.74 
  0  1  2 19    250.06   254.10   224.23   252.77 
  1  1  3 19    253.83   253.83   232.05   257.03 
  0  1  3 19    253.30   253.35   232.78   257.30 
  0  0  2 18    250.20   250.20   222.80   252.92 
  1  1  2 18    252.44   252.44   223.93   252.62 
  0  0  3 19    249.79   249.79   230.14   257.18 
  2  5  5 18    229.42   229.68   229.68   274.15 
  0  1  3 17    254.83   254.81   234.27   258.66 
  2 16 16 18    220.64   245.89   245.89   251.97 
  1  1  3 17    255.96   255.96   234.24   258.72 
  0  1  2 17    249.37   254.32   223.59   253.65 
  0  1  3 18    253.79   253.87   233.27   257.68 
  2  5  5 17    231.23   231.54   231.54   276.78 
  1  1  3 18    254.64   254.64   232.83   257.16 
  0  1  2 18    249.77   253.83   224.01   252.80 
  2 16 16 17    223.75   249.23   249.23   252.99 
  0  0  2 17    252.11   252.11   224.53   254.74 
  3  5  5 19    240.92   231.97   231.97   280.44 
  3  4  5 19    232.57   243.37   223.03   269.76 
  1  1  2 17    252.61   252.61   224.21   254.31 
  2  8 16 19    222.73   224.78   249.82   252.77 
  0  1  4 17    252.97   253.13   240.18   250.87 
  8  8 16 16    229.63   229.63   249.44   249.44 
  1  2  3  3    288.05   232.88   229.15   229.15 
  1  4  5 19    257.30   246.38   229.44   258.38 
  1  5  8  8    266.43   231.02   233.62   233.62 
  1  2  8 18    256.26   223.84   225.85   255.98 
  0  4 17 18    252.01   239.29   254.36   249.48 
  3  3  3 16    238.35   238.35   238.35   284.30 
  1  1  4 18    253.01   253.01   239.19   249.54 
  1  4 18 19    253.22   239.67   255.44   251.98 
  0  0  4 18    250.47   250.47   238.39   250.15 
  1  2  2  5    287.30   194.23   194.23   225.06 
  0  2  8 18    251.87   221.36   223.42   256.17 
  0  1  1  2    249.72   248.55   248.55   238.90 
  1  1  4 17    253.90   253.90   240.75   251.63 
  0  4 17 17    254.59   241.67   254.91   254.91 
  0  2  8 17    256.56   225.50   227.78   256.94 
  0  4  5 19    256.88   247.26   230.37   259.67 
  0  4 18 18    253.94   241.08   254.12   254.12 
  1  4 17 19    251.99   238.27   253.06   251.50 
  0  0  4 17    253.39   253.39   241.08   251.98 
  0  1  4 18    252.29   252.34   239.60   249.96 
  1  2  8 17    256.74   224.89   227.19   256.20 
  0  4 19 19    253.01   240.26   253.25   253.25 
  0  8  8 16    250.11   228.96   228.96   253.50 
  1  5  5  5    287.53   234.25   234.25   234.25 
  0  2  4  4    251.74   238.93   244.39   244.39 
  0  2  8 19    251.09   220.68   222.77   256.28 
  0  4  5 17    258.80   249.16   232.13   260.76 
  0  0  4 19    249.18   249.18   237.26   250.15 
  1  4 17 17    254.99   240.84   254.06   254.06 
  1  1  3  5    267.27   267.27   231.03   225.22 
  1  4 18 18    254.00   240.38   254.25   254.25 
  1  1  4 19    253.01   253.01   239.22   249.79 
  1  1  8  8    257.44   257.44   225.59   225.59 
  0  0  8  8    252.95   252.95   229.63   229.63 
  0  4 17 19    250.61   238.17   253.07   249.59 
  1  2  8 19    255.92   223.49   225.53   255.85 
  2  4  4 16    240.07   245.57   245.57   251.91 
  1  4  5 18    258.84   247.91   230.82   258.38 
  3  4  5 16    238.38   249.76   228.56   268.51 
  0  3  3  3    283.07   237.13   237.13   237.13 
  1  4 19 19    253.28   239.68   254.48   254.48 
  1  3  4  5    278.88   231.39   247.68   229.48 
  1  8  8 16    250.70   228.58   228.58   254.27 
  2  8 16 18    222.52   224.56   249.58   252.26 
  1  8  8  8    261.82   231.16   231.16   231.16 
  0  1  4  8    249.35   249.75   243.26   220.69 
  1  4  5 17    259.60   248.52   231.55   260.04 
  0  1  4 19    251.28   251.35   238.69   250.06 
  2  8 16 17    224.44   226.58   251.76   253.01 
  1  2  5  5    282.41   246.21   228.63   228.63 
  0  1  1  5    254.68   255.63   255.63   232.63 
  1  4 17 18    253.58   239.82   254.71   251.25 
  0  4 18 19    253.72   240.86   255.78   252.31 
  0  4  5 18    258.17   248.55   231.55   259.81 
  1  2  3  4    271.64   242.99   224.28   243.34 
  0  3  4  5    269.13   237.70   249.19   227.97 
  3 17 18 18    229.96   251.53   251.49   251.49 
  3  4  8 18    229.26   244.26   238.71   255.35 
  3 18 18 19    228.21   249.37   249.37   252.91 
  1  2  4 18    251.83   235.45   242.25   253.41 
  3 17 17 17    232.28   254.24   254.24   254.24 
  0  2  4 18    250.64   235.78   242.66   253.40 
  1  2 16 18    249.55   221.99   248.96   251.24 
  3 17 19 19    229.76   251.22   251.23   251.23 
  5  5  5 17    235.03   235.03   235.03   283.68 
  5  5  5 18    234.56   234.56   234.56   283.25 
  1  2 16 17    250.95   223.69   251.13   253.69 
  0  2 16 19    247.59   221.43   247.44   253.05 
  3  4  8 17    230.67   245.75   240.14   256.71 
  3 17 17 18    230.74   251.77   251.77   253.28 
  0  2  4 17    253.30   238.13   245.22   256.20 
  1  2  4 17    253.82   237.25   244.30   255.18 
  0  2 16 17    250.56   224.05   250.35   254.09 
  3 18 19 19    228.57   250.60   250.50   250.50 
  1  2 16 19    248.64   221.23   248.16   251.11 
  0  2  4 19    250.78   235.89   242.78   253.91 
  1  2  4 19    250.45   234.28   240.98   253.27 
  3 19 19 19    228.69   250.79   250.79   250.79 
  3  4  8 19    228.70   243.67   238.16   255.35 
  3 18 18 18    229.03   251.17   251.17   251.17 
  3 17 18 19    229.13   250.63   249.05   253.04 
  3 17 17 19    230.87   251.90   251.90   253.65 
  0  2 16 18    247.62   221.43   247.46   252.79 
  5  5  5 19    233.59   233.59   233.59   283.10 
  0  2 16 16    251.78   224.46   250.64   250.64 
  5  8  8 16    228.89   234.01   234.01   258.48 
  0  4  5 16    260.58   250.33   233.31   256.38 
  1  4 16 18    253.63   240.24   252.28   251.22 
  2  8 19 19    220.49   222.93   246.88   246.88 
  3 16 16 16    234.27   253.29   253.29   253.29 
  2  8 17 17    224.00   226.55   251.02   251.02 
  1  3  5  8    276.59   230.96   227.01   242.01 
  0  1  3 16    254.73   254.11   233.97   256.12 
  0  3  5 19    257.08   235.28   227.25   262.26 
  1  1  3 16    254.99   254.99   234.39   256.65 
  0  1  2 16    250.82   254.75   223.59   251.97 
  2  4 16 19    230.30   236.90   241.48   249.33 
  4  5 16 16    250.09   233.04   257.64   257.64 
  1  3  5 19    257.82   235.01   226.70   260.97 
  1  1  1  1    247.98   247.98   247.98   247.98 
  0  1  3  3    258.67   268.48   234.90   234.90 
  0  0  1  4    250.28   250.28   254.24   242.52 
  2  8 18 18    221.55   224.06   247.62   247.62 
  2  8 17 18    222.01   224.49   249.59   247.71 
  1  5  5  8    279.97   225.42   225.42   240.78 
  1  4  5 16    261.13   249.97   232.91   257.13 
  2 16 16 16    223.51   250.57   250.57   250.57 
  0  3 16 16    254.63   233.93   254.83   254.83 
  1  4  4  5    264.55   248.47   248.47   229.72 
  1  1  1  2    249.79   249.79   249.79   243.32 
  0  4 16 19    252.05   239.58   250.42   252.08 
  0  0  2 16    252.83   252.83   223.92   251.12 
  1  1  2 16    253.47   253.47   223.11   251.30 
  1  4 16 17    253.45   240.25   252.23   252.34 
  1  3 16 16    255.33   233.60   255.57   255.57 
  2  8 18 19    221.68   224.16   248.45   246.91 
  1  3  5 18    259.10   236.12   227.89   261.10 
  2  4 16 18    231.46   238.08   242.74   249.70 
  0  0  4  5    257.84   257.84   249.09   232.17 
  0  3  5 18    257.59   235.68   227.70   262.39 
  1  2  2  8    273.09   194.17   194.17   242.67 
  1  4 16 19    253.50   240.11   252.15   250.82 
  0  0  0  3    253.98   253.98   253.98   233.24 
  0  4 16 17    253.36   240.72   251.65   252.88 
  3  5  5 16    243.83   235.17   235.17   282.64 
  1  1  3  4    259.38   259.38   231.77   245.63 
  1  2 16 16    252.04   223.93   251.17   251.17 
  0  0  3 16    254.62   254.62   234.62   255.61 
  0  4 16 18    252.20   239.68   250.54   251.96 
  0  5  8  8    259.66   227.96   233.10   233.10 
  0  3  5  5    282.51   242.37   233.82   233.82 
  2  4 16 17    235.56   242.49   247.38   252.90 
  0  0  0  2    251.57   251.57   251.57   222.60 
  1  3  5 17    260.92   237.38   229.54   261.99 
  2  8 17 19    221.39   223.78   248.84   247.96 
  0  3  5 17    260.52   238.33   230.44   263.04 
  1  2  2  4    260.66   209.83   209.83   242.28 
  4 16 16 18    239.47   247.92   247.92   245.47 
  5 16 16 19    226.66   245.12   245.12   250.13 
  5  8 18 18    227.48   228.21   250.85   250.85 
  5  8 17 17    230.33   231.03   252.39   252.39 
  4  4  8 18    244.45   244.45   229.47   252.23 
  5  8 19 19    227.59   228.32   250.49   250.49 
  4 17 17 19    238.53   249.25   249.25   245.34 
  4 16 18 19    234.53   243.24   248.60   246.63 
  1  1  5 17    255.73   255.73   230.84   256.82 
  4 17 18 19    238.48   249.87   248.56   244.71 
  4 18 18 18    236.66   248.28   248.28   248.28 
  4 19 19 19    235.88   248.27   248.27   248.27 
  4 16 17 19    238.30   247.47   250.32   244.98 
  1  1  5 18    254.55   254.55   229.88   254.74 
  2  3  4 19    225.59   224.67   237.64   259.64 
  4 18 19 19    235.55   249.47   247.62   247.62 
  4 16 16 17    241.50   250.14   250.14   246.37 
  5  5 16 19    227.02   227.02   252.33   266.23 
  4  4  8 17    246.30   246.30   231.21   253.01 
  0  1  5 19    249.05   256.51   228.56   255.07 
  5  8 17 18    226.23   227.22   246.30   252.68 
  3  3  5 19    232.53   232.53   226.25   282.66 
  4 16 18 18    235.94   244.78   248.40   248.40 
  4 17 17 18    239.62   250.38   250.38   245.71 
  2  3  4 17    230.64   229.90   243.06   261.43 
  4 16 17 17    239.82   249.12   250.18   250.18 
  0  0  5 17    255.31   255.31   231.42   257.45 
  4  4  8 19    243.85   243.85   228.91   252.63 
  0  1  5 17    251.51   258.59   230.62   256.66 
  4 16 19 19    236.17   245.04   247.86   247.86 
  3  3  5 17    237.97   237.97   231.46   285.16 
  5  8 18 19    226.17   226.86   247.66   252.21 
  5 16 16 18    227.50   245.98   245.98   250.36 
  5  5 16 17    232.69   232.69   258.36   267.12 
  4 16 16 19    238.36   246.79   246.79   245.35 
  3  3  5 18    233.91   233.91   227.61   282.80 
  5  8 17 19    226.58   227.57   246.71   252.32 
  0  0  5 18    250.86   250.86   227.41   255.93 
  0  1  5 18    250.60   257.98   229.91   254.84 
  5  5 16 18    228.42   228.42   253.83   266.09 
  5 16 16 17    230.88   249.61   249.61   251.35 
  4 17 19 19    237.59   248.84   245.87   245.87 
  4 17 17 17    239.97   249.29   249.29   249.29 
  2  3  4 18    226.42   225.53   238.54   259.63 
  1  1  5 19    253.16   253.16   228.75   254.89 
  4 16 17 18    237.84   246.96   249.83   245.24 
  4 18 18 19    235.71   248.79   248.79   245.45 
  4 17 18 18    238.35   249.77   246.64   246.64 
  3  3 17 17    236.33   236.33   257.92   257.92 
  2  4 18 18    234.13   240.53   248.02   248.02 
  2  4 17 17    236.28   242.85   250.27   250.27 
  3  3 18 18    231.97   231.97   256.27   256.27 
  1  5 16 18    251.87   229.95   255.46   255.16 
  3  3  4 17    233.89   233.89   249.96   272.52 
  5  5 17 18    230.89   230.89   260.25   264.73 
  3  3  5 16    239.39   239.39   232.72   282.42 
  0  5  8 17    252.37   229.66   230.68   260.32 
  2  4 19 19    234.34   240.80   247.76   247.76 
  3  3 19 19    230.99   230.99   255.32   255.32 
  0  4 16 16    255.34   242.54   251.25   251.25 
  1  4  5  5    275.62   250.90   231.14   231.14 
  1  5  8 18    252.33   228.31   229.30   259.43 
  1  3  4  4    263.72   232.07   247.58   247.58 
  1  1  1  5    255.90   255.90   255.90   233.31 
  0  0  2  8    254.49   254.49   223.63   226.77 
  0  4  4  8    254.07   244.90   244.90   229.76 
  5  5 17 17    233.62   233.62   265.18   265.18 
  2  5  5 16    232.07   232.55   232.55   276.18 
  0  5  8 18    249.34   227.04   228.04   259.14 
  1  5  8 17    253.19   228.83   229.95   259.48 
  5  5 18 18    230.20   230.20   263.76   263.76 
  2  8 16 16    223.73   226.85   250.94   250.94 
  0  1  8  8    254.53   257.52   222.91   222.91 
  3  3 17 18    233.89   233.89   254.22   258.34 
  1  1  5  5    266.27   266.27   231.12   231.12 
  0  3  3  5    283.41   238.69   238.69   231.94 
  5  5 19 19    230.09   230.09   262.72   262.72 
  1  5 16 17    251.88   229.99   255.65   255.25 
  3  3  4 18    231.88   231.88   247.78   269.38 
  2  4 17 18    234.87   241.24   247.46   249.84 
  0  5 16 19    249.49   228.89   253.28   253.38 
  1  1  4  4    249.90   249.90   244.25   244.25 
  1  5  8 19    252.29   228.33   229.31   259.78 
  1  2  3  8    269.82   231.24   225.94   241.96 
  0  1  2  3    255.64   260.74   239.91   230.94 
  0  1  4 16    254.89   254.54   241.92   248.86 
  0  1  5  8    254.76   255.47   228.68   231.96 
  5  5 17 19    230.79   230.79   260.12   264.74 
  1  5 16 19    250.42   228.75   254.07   255.23 
  3  3 18 19    231.64   231.64   254.87   257.43 
  0  1  4  4    248.64   252.01   247.50   247.50 
  0  5 16 17    251.62   230.76   255.20   256.04 
  2  4 18 19    234.09   240.55   246.91   249.14 
  1  1  2  8    253.61   253.61   242.40   222.70 
  0  5 16 18    249.52   228.88   253.31   253.64 
  2  4 17 19    234.19   240.50   246.67   249.62 
  3  3  4 19    231.66   231.66   247.52   269.53 
  1  1  4  5    254.68   254.68   249.01   230.68 
  1  1  4 16    255.67   255.67   241.89   248.71 
  1  3  3  4    278.68   231.63   231.63   251.40 
  0  0  4 16    254.76   254.76   242.55   248.33 
  1  2  8  8    260.86   236.84   230.76   230.76 
  0  2  8 16    256.77   225.09   228.44   253.27 
  3  3 17 19    234.37   234.37   254.67   257.95 
  4 16 16 16    242.26   249.31   249.31   249.31 
  0  0  1  8    251.01   251.01   253.60   219.18 
  5  5 18 19    230.19   230.19   261.78   265.38 
  0  5  8 19    248.86   226.57   227.54   259.14 
  0  0  0  4    252.25   252.25   252.25   241.80 
  1  4 16 16    255.95   241.97   251.73   251.73 
  0  1  3  4    252.99   257.15   231.73   247.03 
  4  4  8 16    246.28   246.28   231.19   253.04 
  1  2  8 16    257.44   224.54   227.85   253.69 
  0  2  5  5    277.79   231.25   231.72   231.72 
  3  5 16 18    239.74   232.36   259.72   261.37 
  3  4 17 17    235.04   248.35   251.58   251.58 
  0  3  3 17    259.30   235.55   235.55   264.39 
  0  5  5 19    254.87   229.67   229.67   263.68 
  3  4 18 18    231.31   244.63   250.18   250.18 
  1  5 18 19    250.19   228.85   256.57   254.22 
  1  3  3 18    260.14   235.08   235.08   261.05 
  3  3 16 19    229.78   229.78   249.79   259.26 
  1  5  5 18    259.91   233.49   233.49   265.59 
  3  4 19 19    231.67   245.00   249.82   249.82 
  0  5 17 18    248.72   228.13   255.93   254.19 
  3  5 18 19    236.34   228.70   259.60   259.62 
  0  5 18 18    250.67   229.89   257.39   257.39 
  3  5 17 19    236.74   229.09   259.36   258.98 
  1  3  3 17    259.64   234.68   234.68   263.53 
  1  5 17 19    251.14   229.52   257.31   255.64 
  0  5 17 17    252.49   231.53   258.15   258.15 
  1  5  5 17    260.80   233.99   233.99   265.44 
  0  5 19 19    250.13   229.42   257.05   257.05 
  0  3  3 18    256.54   233.03   233.03   262.93 
  3  4 17 18    232.94   246.30   249.26   249.43 
  3  5 16 17    241.50   234.17   261.65   263.20 
  1  5 17 17    252.70   230.69   257.29   257.29 
  3  5 18 18    237.21   229.56   260.07   260.07 
  0  5 17 19    247.13   226.57   254.35   254.29 
  1  5  5 19    259.02   232.68   232.68   265.83 
  3  3 16 18    230.73   230.73   250.75   258.90 
  1  3  3 19    259.00   234.10   234.10   260.91 
  1  5 18 18    251.12   229.63   255.95   255.95 
  3  5 17 17    240.34   232.79   262.91   262.91 
  3  5 19 19    235.77   228.18   260.20   260.20 
  0  5  5 18    256.02   230.72   230.72   263.93 
  3  4 18 19    230.11   243.35   248.53   250.00 
  1  5 19 19    250.05   228.75   255.06   255.06 
  3  5 16 19    239.08   231.65   258.97   261.24 
  0  5  5 17    260.09   234.58   234.58   266.06 
  0  3  3 19    256.57   233.01   233.01   263.20 
  3  4 17 19    233.33   246.69   249.66   249.43 
  1  5 17 18    251.14   229.53   257.34   255.55 
  3  5 17 18    236.98   229.33   259.61   259.24 
  3  3 16 17    234.40   234.40   254.70   260.86 
  0  5 18 19    250.27   229.57   258.48   255.66 
  5 16 19 19    224.13   239.61   252.23   252.23 
  0  1  3  5    263.80   262.53   235.93   228.97 
  5 16 17 17    229.79   245.70   252.85   252.85 
  1  3  4 17    256.53   234.91   248.53   258.46 
  5 16 18 18    225.48   241.04   251.86   251.86 
  5  8 16 19    226.65   227.46   245.23   253.64 
  2  2  8 18    168.47   168.47   247.30   272.22 
  5 16 17 18    227.97   243.61   252.37   248.45 
  1  3  3  3    296.43   231.69   231.69   231.69 
  0  3  4 19    251.42   231.49   245.04   255.83 
  2  2  8 17    170.98   170.98   250.97   274.74 
  1  3  4 18    254.55   233.15   246.78   258.29 
  0  3  4  8    256.58   230.04   245.27   239.10 
  1  3  5 16    263.02   239.45   231.91   259.29 
  2  4 16 16    236.36   242.73   249.07   249.07 
  1  2  4  5    269.02   243.71   243.03   223.17 
  0  3  5 16    262.91   240.43   232.89   259.09 
  3  3 16 16    236.27   236.27   257.88   257.88 
  0  3  3 16    260.72   236.87   236.87   260.90 
  2  2  8 19    168.22   168.22   246.95   272.21 
  5  8 16 18    226.55   227.36   245.12   253.51 
  0  0  3  3    260.83   260.83   235.82   235.82 
  5 16 18 19    224.42   239.76   252.23   249.97 
  0  0  2  4    251.46   251.46   236.25   242.57 
  1  1  3  8    256.22   256.22   228.23   233.81 
  0  3  4 17    255.57   235.28   248.91   258.82 
  5  5  5 16    236.12   236.12   236.12   283.43 
  1  1  2  2    259.45   259.45   216.04   216.04 
  0  1  2  5    257.21   259.26   247.26   228.32 
  1  1  2  3    256.41   256.41   245.23   229.36 
  1  3  3 16    261.65   236.18   236.18   261.32 
  1  3  3  8    280.49   228.82   228.82   247.17 
  0  5  5  5    283.89   235.16   235.16   235.16 
  5  8 16 17    229.81   230.55   248.70   255.83 
  3  4  8 16    230.74   246.02   239.80   255.75 
  0  1  4  5    253.01   259.53   249.17   226.96 
  1  3  4 19    253.29   232.05   245.68   257.90 
  3  5 16 16    241.48   234.07   261.38   261.38 
  0  0  3  5    261.90   261.90   240.07   232.52 
  0  0  1  1    246.97   246.97   248.93   248.93 
  0  3  4 18    251.60   231.58   245.18   255.97 
  1  2  4 16    252.95   237.66   243.84   252.86 
  5 16 17 19    227.65   243.23   252.06   248.45 
  0  2  4 16    252.85   238.28   244.67   252.49 
  2  3 16 19    223.28   228.37   252.52   255.74 
  1  4  4 17    248.75   246.44   246.44   253.04 
  0  4  4 17    248.15   246.93   246.93   253.47 
  3  4 16 19    228.97   242.69   245.57   251.76 
  5 17 17 18    228.14   249.42   249.42   248.90 
  0  4  4 18    243.45   242.11   242.11   251.45 
  1  4  4 18    247.21   244.80   244.80   252.47 
  5 18 18 19    226.39   248.48   248.48   249.61 
  5 17 18 18    226.73   245.12   249.61   249.61 
  5 17 17 17    230.20   251.64   251.64   251.64 
  5 17 19 19    226.50   244.91   248.54   248.54 
  5 17 17 19    227.15   248.27   248.27   249.02 
  3  4 16 18    229.53   243.29   246.26   251.37 
  2  3 16 18    223.85   228.98   253.16   256.12 
  5 18 19 19    226.93   246.38   250.26   250.26 
  2  3 16 17    226.60   231.81   256.38   258.61 
  5 17 18 19    226.73   245.13   251.13   248.10 
  5 18 18 18    227.76   249.89   249.89   249.89 
  1  4  4 19    246.96   244.56   244.56   252.63 
  3  4 16 17    233.32   247.04   250.09   254.08 
  5 19 19 19    228.10   250.14   250.14   250.14 
  0  4  4 19    243.82   242.47   242.47   251.07 
  2  3  4 16    231.55   231.63   244.73   260.71 
  4  4  5 18    241.00   241.00   226.26   259.18 
  0  3  4 16    255.92   235.47   249.44   254.63 
  0  2  3  4    260.41   230.43   230.55   243.61 
  0  5 16 16    253.18   231.60   254.37   254.37 
  1  4  5  8    263.32   244.92   227.81   229.40 
  0  1  5 16    252.54   259.53   230.99   254.36 
  0  0  5 16    255.90   255.90   231.69   253.94 
  5  5 16 16    235.40   235.40   262.22   262.22 
  4  4 16 19    241.47   241.47   237.98   243.33 
  1  2  4  4    253.22   246.48   242.33   242.33 
  0  5  5 16    260.87   236.00   236.00   262.06 
  5 16 16 16    231.27   250.14   250.14   250.14 
  1  3  5  5    284.12   238.58   232.06   232.06 
  0  1  2  4    247.18   253.47   243.84   240.37 
  5  8 16 16    231.08   232.18   251.94   251.94 
  3  4 16 16    234.67   248.40   251.36   251.36 
  0  3  3  4    272.41   234.02   234.02   250.23 
  0  0  3  4    255.01   255.01   234.57   248.45 
  4  4  5 17    244.77   244.77   229.81   260.72 
  4  4 16 18    241.96   241.96   238.47   243.33 
  3  3  4 16    234.11   234.11   250.34   272.02 
  4  4  5 19    240.07   240.07   225.37   259.30 
  0  0  5  5    261.70   261.70   234.93   234.93 
  0  5  8 16    254.42   231.67   232.86   256.94 
  0  0  5  8    254.45   254.45   230.13   231.44 
  1  1  5 16    256.26   256.26   231.02   254.30 
  1  3  4 16    257.13   234.87   248.79   255.15 
  0  1  5  5    266.09   260.05   232.62   232.62 
  1  5  5 16    261.38   235.54   235.54   262.71 
  1  5  8 16    254.80   230.95   232.16   257.31 
  4  4 16 17    246.20   246.20   242.48   245.33 
  0  0  0  5    255.06   255.06   255.06   231.18 
  1  5 16 16    253.68   231.23   255.10   255.10 
  0  2  3 17    258.85   225.83   231.09   262.55 
  4  4 18 18    243.85   243.85   242.79   242.79 
  4  4 17 17    246.18   246.18   244.54   244.54 
  4  4 19 19    242.72   242.72   242.43   242.43 
  0  2  3 18    254.79   222.43   227.57   259.38 
  1  2  3 19    257.39   223.13   228.21   260.99 
  4  4 17 18    242.51   242.51   239.56   243.46 
  1  2  3 17    259.96   225.06   230.26   261.59 
  4  4 18 19    243.17   243.17   240.81   244.52 
  4  4 17 19    241.79   241.79   238.85   243.58 
  1  2  3 18    258.65   224.23   229.40   260.65 
  0  2  3 19    254.12   221.87   226.97   259.12 
  0  2  2  8    272.12   170.74   170.74   250.92 
  2  3 19 19    219.99   225.15   258.51   258.51 
  2  3 17 17    224.71   230.14   260.27   260.27 
  2  3 18 18    220.60   225.77   258.39   258.39 
  0  0  4  4    248.22   248.22   245.53   245.53 
  2  3 17 18    222.88   228.32   257.78   258.23 
  4  4 16 16    246.55   246.55   243.98   243.98 
  2  3 18 19    220.01   225.19   257.38   258.24 
  0  4  4  5    259.59   245.93   245.93   230.61 
  0  4  4 16    247.91   247.01   247.01   249.58 
  1  4  4 16    248.74   246.67   246.67   250.28 
  2  2  8 16    171.62   171.62   252.17   271.69 
  2  3 17 19    222.75   228.18   257.64   258.22 
  4  4  5 16    247.09   247.09   231.80   258.06 
  0  0  2  3    260.09   260.09   226.02   231.36 
  1  2  3 16    260.98   226.33   231.60   259.60 
  2  3 16 16    226.38   231.65   257.03   257.03 
  0  2  3 16    260.68   226.95   232.33   259.18 
  2  4  4  8    223.79   242.85   242.85   231.53 
  4  5  5  5    260.67   240.74   240.74   240.74 
  3  4  5  5    248.88   257.45   237.21   237.21 
  2  2  4  8    175.93   175.93   237.60   253.41 
  2  4  5  5    234.94   253.36   234.40   234.40 
  2  4  4  5    227.18   251.54   251.54   228.13 
  4  4  5  5    256.11   256.11   235.52   235.52 
  2  3  4  4    229.37   231.73   249.15   249.15 
  3  4  8  8    226.12   244.65   246.13   246.13 
  4  4  4  8    245.79   245.79   245.79   226.52 
  2  4  5  8    224.27   243.23   221.86   252.12 
  3  4  4  5    242.86   253.91   253.91   234.23 
  2  3  4  8    223.35   226.76   243.17   255.17 
  2  2  3  4    183.86   183.86   243.59   248.82 
  2  3  4  5    233.93   245.00   253.31   228.90 
  4  5  5  8    252.94   229.30   229.30   253.72 
  2  2  4  5    189.91   189.91   251.19   227.01 
  3  4  4  4    236.98   250.35   250.35   250.35 
  3  3  4  4    240.06   240.06   250.95   250.95 
  2  4  4  4    230.00   246.82   246.82   246.82 
  4  4  5  8    246.42   246.42   227.45   242.73 
  3  4  4  8    226.96   245.81   245.81   244.07 
  2  2  2  4    128.76   128.76   128.76   245.37 
  2  3  3  4    228.41   238.84   238.84   252.50 
  4  4  8  8    243.33   243.33   230.24   230.24 
  3  4  5  8    235.89   248.80   227.90   255.73 
  4  5  8  8    243.49   225.40   238.63   238.63 
  3  3  4  8    233.44   233.44   248.42   261.16 
  4  4  4  5    251.74   251.74   251.74   233.30 
  3  3  4  5    247.27   247.27   258.11   231.98 
  2  2  4  4    191.12   191.12   244.37   244.37 
  2  4  8  8    222.78   239.59   239.06   239.06 
  3  3  3  5    250.41   250.41   250.41   237.67 
  2  3  5  5    225.95   253.03   236.28   236.28 
  3  3  8  8    228.58   228.58   259.93   259.93 
  2  2  5  8    169.24   169.24   226.90   275.69 
  3  5  5  5    257.25   243.10   243.10   243.10 
  2  3  5  8    220.50   232.08   226.28   271.72 
  3  5  5  8    241.63   232.81   232.81   263.29 
  5  5  5  8    235.07   235.07   235.07   263.83 
  2  2  5  5    184.87   184.87   237.55   237.55 
  2  8  8  8    233.19   245.21   245.21   245.21 
  2  3  3  3    217.87   248.06   248.06   248.06 
  2  3  3  8    221.83   233.15   233.15   276.72 
  2  2  2  8    105.55   105.55   105.55   324.73 
  2  3  3  5    219.77   250.26   250.26   233.37 
  2  2  2  3    113.95   113.95   113.95   315.23 
  2  5  5  5    237.61   238.73   238.73   238.73 
  2  2  2  2      2.02     2.02     2.02     2.02 
  8  8  8  8    242.55   242.55   242.55   242.55 
  2  2  3  8    174.56   174.56   243.87   284.72 
  2  5  8  8    215.75   219.90   252.75   252.75 
  2  2  3  5    179.21   179.21   258.29   238.43 
  2  2  2  5    117.07   117.07   117.07   279.02 
  3  3  5  8    239.97   239.97   230.28   267.11 
  2  5  5  8    220.83   226.10   226.10   266.08 
  5  5  5  5    247.45   247.45   247.45   247.45 
  5  5  8  8    227.24   227.24   250.19   250.19 
  3  3  3  3    248.07   248.07   248.07   248.07 
  3  3  5  5    254.22   254.22   239.16   239.16 
  2  3  8  8    225.73   222.01   258.90   258.90 
  2  2  3  3    171.99   171.99   263.77   263.77 
  2  2  8  8    181.32   181.32   262.32   262.32 
  3  5  8  8    228.85   225.88   256.32   256.32 
 18 18 18 18    246.15   246.15   246.15   246.15 
 18 19 19 19    245.84   245.96   245.96   245.96 
 18 18 19 19    245.75   245.75   245.71   245.71 
 17 19 19 19    244.24   245.74   245.74   245.74 
 17 18 18 18    244.55   245.38   245.38   245.38 
 17 17 18 19    244.75   244.75   244.17   245.73 
 17 18 19 19    243.45   244.52   243.66   243.66 
 17 17 19 19    243.49   243.49   245.33   245.33 
 17 17 18 18    244.76   244.76   245.21   245.21 
 17 18 18 19    243.07   243.50   243.50   246.29 
 19 19 19 19    245.78   245.78   245.78   245.78 
 17 17 17 17    247.03   247.03   247.03   247.03 
  0  0 19 19    247.02   247.02   245.18   245.18 
  0  0 17 17    250.51   250.51   248.38   248.38 
  0  0 18 18    247.27   247.27   245.66   245.66 
 16 16 18 19    242.31   242.31   243.74   245.45 
 16 16 17 19    241.75   241.75   242.97   246.39 
  0  1 19 19    247.57   248.16   246.54   246.54 
  0  1 17 17    250.33   250.34   248.03   248.03 
  0  1 18 18    249.01   249.62   247.05   247.05 
  1  1 19 19    245.95   245.95   245.31   245.31 
  0  0 18 19    246.27   246.27   243.92   246.73 
 16 16 18 18    241.95   241.95   244.43   244.43 
 16 16 17 17    244.40   244.40   246.77   246.77 
 16 16 19 19    241.81   241.81   244.43   244.43 
  1  1 18 18    247.31   247.31   246.17   246.17 
  1  1 17 17    251.14   251.14   247.88   247.88 
  0  1 18 19    248.64   249.24   245.89   247.72 
 16 16 17 18    241.86   241.86   243.13   246.16 
  1 18 19 19    245.84   245.35   243.98   243.98 
  1 19 19 19    244.44   244.67   244.67   244.67 
  1 18 18 18    245.70   245.04   245.04   245.04 
  1 17 18 19    245.88   247.26   245.12   248.24 
  0 17 19 19    246.19   248.13   248.68   248.68 
  0 18 18 19    242.94   245.03   245.03   247.73 
  0 17 18 18    246.42   248.42   248.19   248.19 
  0 17 17 17    247.28   249.13   249.13   249.13 
  1 17 17 17    247.78   248.37   248.37   248.37 
  1 17 18 18    246.89   248.23   247.17   247.17 
  1 17 19 19    246.43   247.75   247.18   247.18 
  0 17 18 19    246.05   248.05   246.76   249.22 
  0 18 18 18    243.59   246.25   246.25   246.25 
  0 19 19 19    242.48   245.27   245.27   245.27 
  0 18 19 19    243.71   246.49   245.48   245.48 
  0 16 17 17    248.64   244.92   249.14   249.14 
  0 16 18 18    244.92   241.13   247.16   247.16 
  1 16 17 19    247.28   243.73   245.68   247.76 
 16 17 17 19    241.54   241.38   241.38   244.36 
  0 16 19 19    244.19   240.36   247.03   247.03 
 16 18 18 18    242.95   243.15   243.15   243.15 
 16 17 18 19    239.51   239.82   242.34   244.96 
 16 19 19 19    242.81   243.40   243.40   243.40 
  1 16 18 19    246.79   243.27   246.67   250.09 
  0 16 17 18    247.02   243.28   246.47   247.75 
 16 18 19 19    243.23   243.54   242.73   242.73 
 16 17 17 18    242.34   242.25   242.25   244.48 
  1 16 17 18    247.76   244.19   246.17   247.76 
  0 16 18 19    244.35   240.55   245.44   248.14 
  1 16 19 19    248.02   244.51   248.42   248.42 
 16 17 19 19    240.57   240.96   244.42   244.42 
  0 16 17 19    246.28   242.55   245.74   247.74 
 16 17 17 17    245.03   245.36   245.36   245.36 
  1 16 18 18    247.90   244.39   248.88   248.88 
  1 16 17 17    248.91   245.70   248.80   248.80 
 16 17 18 18    240.44   240.84   244.18   244.18 
 16 18 18 19    242.08   241.86   241.86   243.89 
  0  1 16 16    249.86   250.03   245.69   245.69 
  0  0  0  0    248.57   248.57   248.57   248.57 
  0  0 16 16    250.01   250.01   244.95   244.95 
  0 16 16 16    249.05   245.36   245.36   245.36 
  1 16 16 16    249.43   245.96   245.96   245.96 
  1  1 16 16    250.26   250.26   245.19   245.19 
 16 16 16 16    244.54   244.54   244.54   244.54 
  3  8  8  8    225.19   249.34   249.34   249.34 
  3  3  3  8    238.76   238.76   238.76   268.66 
  0  0  5 19    249.16   249.16   225.78   255.47 
  4  8  8  8    242.17   231.75   231.75   231.75 
  4  4  4  4    247.95   247.95   247.95   247.95 
  0 17 17 18    242.22   244.55   244.55   251.32 
  1  1 18 19    240.93   240.93   241.60   249.07 
  0  0  0 16    240.88   240.88   240.88   251.79 
  0  0 17 18    245.20   245.20   243.82   252.01 
 18 18 19 20    245.00   245.00   244.33   245.28 
  5  8  8  8    224.19   241.71   241.71   241.71 
 18 19 19 20    244.78   245.61   245.61   245.48 
 16 16 16 17    240.21   240.21   240.21   248.56 
  1  1  1 19    237.49   237.49   237.49   253.75 
 19 19 19 20    244.97   244.97   244.97   245.96 
 17 17 17 18    241.80   241.80   241.80   250.51 
  1 18 18 19    239.75   241.45   241.45   246.90 
  0  0  0 17    241.30   241.30   241.30   251.90 
 18 18 18 19    242.46   242.46   242.46   249.18 
  0  0  0 18    241.30   241.30   241.30   251.47 
  0  0 16 17    241.60   241.60   240.90   250.95 
 18 18 18 20    242.40   242.40   242.40   249.34 
  0 16 16 17    239.23   239.33   239.33   254.50 
];